0 0.06015625 0.334375 0.1203125 0.246875
0 0.2828125 0.34609375 0.228125 0.2546875
0 0.4890625 0.3453125 0.228125 0.25625
0 0.69609375 0.3453125 0.23125 0.25625
0 0.065625 0.56796875 0.13125 0.2515625
0 0.3234375 0.584375 0.31875 0.25
0 0.64453125 0.5796875 0.3109375 0.259375
0 0.87265625 0.5203125 0.1609375 0.190625
0 0.92734375 0.33125 0.1453125 0.196875
0 0.059375 0.796875 0.11875 0.228125
0 0.275 0.8078125 0.221875 0.228125
0 0.48671875 0.803125 0.2109375 0.215625
0 0.6921875 0.803125 0.215625 0.23125