0 0.05390625 0.33515625 0.1078125 0.2390625
0 0.2828125 0.34609375 0.209375 0.240625
0 0.4890625 0.3453125 0.209375 0.23984375
0 0.69609375 0.3453125 0.2046875 0.23515625
0 0.05859375 0.56875 0.1171875 0.240625
0 0.3234375 0.584375 0.31015625 0.240625
0 0.64453125 0.5796875 0.29375 0.23359375
0 0.87265625 0.5203125 0.1515625 0.18359375
0 0.93125 0.33203125 0.1375 0.1875
0 0.05859375 0.79765625 0.1171875 0.2265625
0 0.275 0.8078125 0.20703125 0.21484375
0 0.48671875 0.803125 0.2078125 0.21328125
0 0.6921875 0.803125 0.20859375 0.21875