0 0.05390625 0.334375 0.1078125 0.2375
0 0.28203125 0.34609375 0.209375 0.240625
0 0.4890625 0.3453125 0.20859375 0.23984375
0 0.69609375 0.3453125 0.2046875 0.234375
0 0.05859375 0.5703125 0.1171875 0.240625
0 0.3234375 0.584375 0.309375 0.23828125
0 0.64453125 0.57890625 0.29375 0.234375
0 0.87265625 0.5203125 0.1515625 0.18359375
0 0.93203125 0.33359375 0.1359375 0.1859375
0 0.05859375 0.79765625 0.1171875 0.225
0 0.275 0.80859375 0.20625 0.2125
0 0.4875 0.803125 0.20625 0.21328125
0 0.69296875 0.803125 0.2046875 0.21875