0 0.05703125 0.334375 0.1140625 0.24375
0 0.2828125 0.34609375 0.23125 0.259375
0 0.4890625 0.3453125 0.215625 0.24375
0 0.69609375 0.3453125 0.2078125 0.2375
0 0.0609375 0.56796875 0.121875 0.2453125
0 0.3234375 0.584375 0.31875 0.253125
0 0.64453125 0.5796875 0.2953125 0.240625
0 0.87265625 0.5203125 0.1578125 0.190625
0 0.928125 0.33125 0.14375 0.19375
0 0.0640625 0.796875 0.128125 0.2375
0 0.275 0.8078125 0.215625 0.221875
0 0.48671875 0.803125 0.2296875 0.23125
0 0.6921875 0.803125 0.221875 0.23125