0 0.05390625 0.334375 0.1078125 0.240625
0 0.2828125 0.34609375 0.209375 0.2421875
0 0.4890625 0.3453125 0.215625 0.24375
0 0.69609375 0.3453125 0.2203125 0.25
0 0.0640625 0.56796875 0.128125 0.2484375
0 0.3234375 0.584375 0.325 0.2625
0 0.64453125 0.5796875 0.3078125 0.253125
0 0.87265625 0.5203125 0.1671875 0.196875
0 0.93046875 0.33125 0.1390625 0.1875
0 0.06328125 0.796875 0.1265625 0.234375
0 0.275 0.8078125 0.215625 0.221875
0 0.48671875 0.803125 0.2296875 0.23125
0 0.6921875 0.803125 0.215625 0.228125