0 0.0546875 0.334375 0.109375 0.240625
0 0.2828125 0.34609375 0.225 0.2546875
0 0.4890625 0.3453125 0.2125 0.240625
0 0.69609375 0.3453125 0.2140625 0.24375
0 0.0609375 0.56796875 0.121875 0.2453125
0 0.3234375 0.584375 0.328125 0.265625
0 0.64453125 0.5796875 0.2984375 0.240625
0 0.87265625 0.5203125 0.1546875 0.1875
0 0.9296875 0.33125 0.140625 0.190625
0 0.06171875 0.796875 0.1234375 0.234375
0 0.275 0.8078125 0.209375 0.215625
0 0.48671875 0.803125 0.2078125 0.2125
0 0.6921875 0.803125 0.23125 0.24375