0 0.11875 0.11171875 0.096875 0.1109375
0 0.12109375 0.2484375 0.128125 0.1734375
0 0.1265625 0.415625 0.125 0.178125
0 0.1265625 0.58203125 0.1296875 0.1703125
0 0.1265625 0.76171875 0.1421875 0.2078125
0 0.28828125 0.1875 0.0984375 0.125
0 0.29296875 0.30625 0.1765625 0.1609375
0 0.29921875 0.43984375 0.1765625 0.159375
0 0.3015625 0.58984375 0.2078125 0.196875
0 0.3078125 0.76328125 0.2015625 0.190625
0 0.603125 0.2015625 0.1015625 0.090625
0 0.6140625 0.31484375 0.1796875 0.1390625
0 0.61171875 0.47109375 0.209375 0.184375
0 0.609375 0.65859375 0.2078125 0.18125
0 0.47109375 0.76796875 0.11875 0.1703125
0 0.4421875 0.26328125 0.0890625 0.084375
0 0.4546875 0.36875 0.1109375 0.15625