0 0.11875 0.11171875 0.103125 0.1171875
0 0.12109375 0.2484375 0.1453125 0.184375
0 0.1265625 0.415625 0.13125 0.18125
0 0.1265625 0.58203125 0.134375 0.1765625
0 0.1265625 0.76171875 0.140625 0.2078125
0 0.28828125 0.1875 0.1078125 0.13125
0 0.29296875 0.30625 0.1890625 0.18125
0 0.29921875 0.43984375 0.1796875 0.1640625
0 0.3015625 0.58984375 0.225 0.215625
0 0.3078125 0.76328125 0.2125 0.2015625
0 0.603125 0.2015625 0.1 0.09375
0 0.6140625 0.31484375 0.1875 0.1484375
0 0.61171875 0.47109375 0.221875 0.1984375
0 0.609375 0.65859375 0.221875 0.2
0 0.47109375 0.76796875 0.1234375 0.175
0 0.4421875 0.26328125 0.096875 0.0921875
0 0.4546875 0.36875 0.11875 0.1625