0 0.11953125 0.1125 0.0953125 0.1109375
0 0.12109375 0.2484375 0.128125 0.171875
0 0.12578125 0.415625 0.1265625 0.178125
0 0.12578125 0.58125 0.13125 0.1703125
0 0.12578125 0.7625 0.1390625 0.2078125
0 0.28828125 0.1875 0.0984375 0.125
0 0.29296875 0.30703125 0.175 0.159375
0 0.29921875 0.440625 0.175 0.1578125
0 0.30234375 0.58984375 0.2078125 0.196875
0 0.3078125 0.76328125 0.2015625 0.190625
0 0.603125 0.20234375 0.103125 0.090625
0 0.6140625 0.3140625 0.1796875 0.140625
0 0.61171875 0.471875 0.209375 0.184375
0 0.60859375 0.65859375 0.2078125 0.1796875
0 0.4703125 0.76875 0.11875 0.16875
0 0.44296875 0.26328125 0.0890625 0.0828125
0 0.45390625 0.36953125 0.109375 0.1546875