0 0.11875 0.11171875 0.1 0.1140625
0 0.12109375 0.2484375 0.1421875 0.184375
0 0.1265625 0.415625 0.140625 0.1875
0 0.1265625 0.58203125 0.134375 0.175
0 0.1265625 0.76171875 0.159375 0.2203125
0 0.28828125 0.1875 0.1078125 0.13125
0 0.29296875 0.30625 0.1890625 0.18125
0 0.29921875 0.43984375 0.1765625 0.1578125
0 0.3015625 0.58984375 0.21875 0.2109375
0 0.3078125 0.76328125 0.21875 0.2078125
0 0.603125 0.2015625 0.103125 0.09375
0 0.6140625 0.31484375 0.184375 0.1421875
0 0.61171875 0.47109375 0.2171875 0.1921875
0 0.609375 0.65859375 0.21875 0.1953125
0 0.47109375 0.76796875 0.1203125 0.171875
0 0.4421875 0.26328125 0.096875 0.0921875
0 0.4546875 0.36875 0.121875 0.1625