0 0.05234375 0.06015625 0.1046875 0.1078125
0 0.06640625 0.1609375 0.1328125 0.09140625
0 0.06640625 0.29921875 0.1328125 0.1734375
0 0.28515625 0.06796875 0.3078125 0.1015625
0 0.309375 0.16015625 0.31171875 0.08125
0 0.275 0.2453125 0.296875 0.09375
0 0.30546875 0.34296875 0.309375 0.0921875
0 0.6546875 0.06328125 0.415625 0.1265625
0 0.60703125 0.1671875 0.3046875 0.090625
0 0.6171875 0.2578125 0.30234375 0.084375
0 0.93984375 0.08515625 0.1203125 0.096875
0 0.89453125 0.1859375 0.2109375 0.10625
0 0.903125 0.28671875 0.19375 0.1046875
0 0.61640625 0.3421875 0.30625 0.09375
0 0.05234375 0.43671875 0.1046875 0.0921875
0 0.31171875 0.43359375 0.3046875 0.0890625
0 0.65625 0.4390625 0.29375 0.09140625
0 0.90234375 0.41328125 0.190625 0.140625
0 0.9015625 0.546875 0.18984375 0.12421875
0 0.62890625 0.52890625 0.3125 0.0890625
0 0.31484375 0.52890625 0.315625 0.0921875
0 0.065625 0.52890625 0.13125 0.0890625
0 0.046875 0.61953125 0.09375 0.09375
0 0.296875 0.61796875 0.31171875 0.0984375
0 0.6328125 0.6234375 0.32890625 0.09609375
0 0.8984375 0.68125 0.203125 0.14375
0 0.89609375 0.80859375 0.2078125 0.1125
0 0.30625 0.71484375 0.32421875 0.10625
0 0.62890625 0.7203125 0.321875 0.08984375
0 0.0609375 0.71171875 0.121875 0.0953125
0 0.07109375 0.80703125 0.1421875 0.096875
0 0.30390625 0.81171875 0.321875 0.096875
0 0.62421875 0.81328125 0.3125 0.1