0 0.14296875 0.21640625 0.2828125 0.271875
0 0.41796875 0.2125 0.2859375 0.278125
0 0.6890625 0.21484375 0.271875 0.2609375
0 0.91015625 0.2109375 0.1796875 0.275
0 0.0453125 0.46171875 0.090625 0.2484375
0 0.1828125 0.46171875 0.18125 0.2515625
0 0.3640625 0.4671875 0.2 0.2625
0 0.546875 0.47109375 0.1875 0.2515625
0 0.72734375 0.4703125 0.2015625 0.265625
0 0.903125 0.471875 0.19375 0.2625
0 0.12734375 0.715625 0.2546875 0.2625
0 0.3890625 0.72109375 0.29375 0.2765625
0 0.6625 0.725 0.26875 0.25625
0 0.89609375 0.72421875 0.2078125 0.2515625