0 0.14296875 0.21640625 0.2625 0.25
0 0.41796875 0.2125 0.2671875 0.25703125
0 0.6890625 0.21484375 0.27109375 0.259375
0 0.91484375 0.21171875 0.1703125 0.2640625
0 0.0453125 0.46171875 0.090625 0.2484375
0 0.1828125 0.46171875 0.178125 0.25
0 0.3640625 0.4671875 0.18125 0.25
0 0.546875 0.47109375 0.178125 0.2453125
0 0.72734375 0.4703125 0.18125 0.25234375
0 0.909375 0.47265625 0.18125 0.2484375
0 0.125 0.71640625 0.25 0.2515625
0 0.3890625 0.72109375 0.26640625 0.25
0 0.6625 0.725 0.2625 0.24921875
0 0.89765625 0.725 0.2046875 0.24921875