0 0.14296875 0.21640625 0.2828125 0.271875
0 0.41796875 0.2125 0.2921875 0.28125
0 0.6890625 0.21484375 0.290625 0.2828125
0 0.90859375 0.2109375 0.1828125 0.278125
0 0.0484375 0.4609375 0.096875 0.253125
0 0.1828125 0.46171875 0.184375 0.2546875
0 0.3640625 0.4671875 0.203125 0.265625
0 0.546875 0.47109375 0.19375 0.25625
0 0.72734375 0.4703125 0.1953125 0.2625
0 0.90625 0.471875 0.1875 0.253125
0 0.13046875 0.715625 0.2609375 0.275
0 0.3890625 0.72109375 0.29375 0.2765625
0 0.6625 0.725 0.265625 0.25
0 0.89375 0.72421875 0.2125 0.2609375