0 0.14296875 0.21640625 0.2671875 0.25625
0 0.41796875 0.2125 0.2828125 0.275
0 0.6890625 0.21484375 0.29375 0.284375
0 0.91328125 0.2109375 0.1734375 0.265625
0 0.0515625 0.46171875 0.103125 0.2546875
0 0.1828125 0.46171875 0.178125 0.2515625
0 0.3640625 0.4671875 0.2 0.2625
0 0.546875 0.47109375 0.196875 0.2578125
0 0.72734375 0.4703125 0.1828125 0.25625
0 0.903125 0.471875 0.19375 0.2625
0 0.12734375 0.715625 0.2546875 0.2625
0 0.3890625 0.72109375 0.26875 0.2515625
0 0.6625 0.725 0.2875 0.271875
0 0.89453125 0.72421875 0.2109375 0.2546875