0 0.14296875 0.21640625 0.2703125 0.2609375
0 0.41796875 0.2125 0.2953125 0.284375
0 0.6890625 0.21484375 0.28125 0.2734375
0 0.90859375 0.2109375 0.1828125 0.278125
0 0.05234375 0.4609375 0.1046875 0.25625
0 0.1828125 0.46171875 0.2 0.2640625
0 0.3640625 0.4671875 0.203125 0.265625
0 0.546875 0.47109375 0.196875 0.2578125
0 0.72734375 0.4703125 0.1828125 0.25625
0 0.90390625 0.471875 0.1921875 0.259375
0 0.12890625 0.715625 0.2578125 0.26875
0 0.3890625 0.72109375 0.290625 0.2734375
0 0.6625 0.725 0.2625 0.25
0 0.8921875 0.72421875 0.215625 0.2640625