0 0.14296875 0.215625 0.2859375 0.278125
0 0.41796875 0.2125 0.2828125 0.271875
0 0.6890625 0.21484375 0.296875 0.2875
0 0.91171875 0.21171875 0.1765625 0.2703125
0 0.04765625 0.46171875 0.0953125 0.2515625
0 0.1828125 0.46171875 0.19375 0.2609375
0 0.3640625 0.4671875 0.209375 0.26875
0 0.546875 0.47109375 0.196875 0.2578125
0 0.72734375 0.4703125 0.1953125 0.2625
0 0.9078125 0.471875 0.184375 0.246875
0 0.12890625 0.71640625 0.2578125 0.2671875
0 0.3890625 0.72109375 0.284375 0.26875
0 0.6625 0.725 0.290625 0.278125
0 0.89375 0.72421875 0.2125 0.2578125