0 0.14296875 0.21640625 0.2609375 0.25
0 0.41796875 0.2125 0.2921875 0.28125
0 0.6890625 0.21484375 0.290625 0.2828125
0 0.91015625 0.2109375 0.1796875 0.275
0 0.05078125 0.46171875 0.1015625 0.2546875
0 0.1828125 0.46171875 0.196875 0.2640625
0 0.3640625 0.4671875 0.2 0.2625
0 0.546875 0.47109375 0.190625 0.2546875
0 0.72734375 0.4703125 0.1953125 0.2625
0 0.909375 0.47265625 0.18125 0.2453125
0 0.1265625 0.71640625 0.253125 0.2578125
0 0.3890625 0.72109375 0.26875 0.2515625
0 0.6625 0.725 0.2875 0.275
0 0.8921875 0.72421875 0.215625 0.2640625