0 0.14296875 0.21640625 0.2625 0.25
0 0.41796875 0.2125 0.265625 0.2578125
0 0.6890625 0.21484375 0.26875 0.2578125
0 0.915625 0.2125 0.16875 0.2625
0 0.04609375 0.4625 0.0921875 0.246875
0 0.18359375 0.46171875 0.178125 0.25
0 0.3640625 0.46796875 0.18125 0.2484375
0 0.54609375 0.47109375 0.1765625 0.2453125
0 0.72734375 0.46953125 0.1796875 0.2515625
0 0.91015625 0.4734375 0.1796875 0.2484375
0 0.125 0.715625 0.25 0.253125
0 0.3890625 0.72109375 0.2671875 0.25
0 0.6625 0.725 0.259375 0.246875
0 0.8984375 0.72578125 0.203125 0.246875