0 0.08984375 0.10390625 0.1796875 0.2078125
0 0.096875 0.33515625 0.19375 0.24375
0 0.09140625 0.571875 0.1828125 0.2375
0 0.29375 0.1 0.1921875 0.2
0 0.49609375 0.09765625 0.2015625 0.1953125
0 0.30390625 0.32578125 0.2 0.240625
0 0.69765625 0.0984375 0.2015625 0.196875
0 0.90859375 0.09765625 0.1828125 0.1953125
0 0.50546875 0.31953125 0.203125 0.2359375
0 0.303125 0.56953125 0.1984375 0.25
0 0.50625 0.56796875 0.2 0.2484375
0 0.70546875 0.3203125 0.203125 0.2421875
0 0.90390625 0.31796875 0.184375 0.2421875
0 0.72421875 0.5703125 0.2 0.2375
0 0.91796875 0.56640625 0.1640625 0.25
0 0.084375 0.8109375 0.16875 0.21875
0 0.296875 0.80546875 0.203125 0.2140625
0 0.5140625 0.8078125 0.2078125 0.21875
0 0.728125 0.803125 0.2078125 0.228125
0 0.91796875 0.803125 0.1640625 0.2234375