0 0.17890625 0.46015625 0.2046875 0.1171875
0 0.3890625 0.46015625 0.159375 0.0859375
0 0.5953125 0.45078125 0.128125 0.1140625
0 0.81875 0.47265625 0.1625 0.09375
0 0.8171875 0.56484375 0.196875 0.1171875
0 0.5921875 0.5578125 0.20625 0.11875
0 0.38359375 0.55625 0.1671875 0.09375
0 0.17421875 0.5734375 0.2109375 0.121875
0 0.15 0.671875 0.16875 0.096875
0 0.14453125 0.7640625 0.1765625 0.109375
0 0.37109375 0.74765625 0.23125 0.1453125
0 0.5953125 0.76171875 0.203125 0.1109375
0 0.59375 0.66015625 0.2 0.1046875
0 0.8140625 0.66328125 0.203125 0.1203125
0 0.8140625 0.7640625 0.190625 0.10625
0 0.37734375 0.6421875 0.1734375 0.096875