0 0.17890625 0.4609375 0.2046875 0.1171875
0 0.38984375 0.4609375 0.1515625 0.075
0 0.5953125 0.45078125 0.1296875 0.1140625
0 0.81875 0.471875 0.159375 0.084375
0 0.8171875 0.56484375 0.190625 0.1046875
0 0.59296875 0.5578125 0.1984375 0.10625
0 0.38359375 0.55625 0.1671875 0.090625
0 0.17421875 0.57265625 0.2046875 0.1046875
0 0.15 0.671875 0.1671875 0.0921875
0 0.14453125 0.76484375 0.1671875 0.090625
0 0.371875 0.74765625 0.221875 0.13125
0 0.59453125 0.7625 0.2 0.1015625
0 0.59375 0.66015625 0.1984375 0.1015625
0 0.81328125 0.66328125 0.19375 0.0984375
0 0.8140625 0.76484375 0.190625 0.10625
0 0.378125 0.64140625 0.165625 0.084375