0 0.17890625 0.46015625 0.2046875 0.11875
0 0.3890625 0.46015625 0.1515625 0.075
0 0.5953125 0.45078125 0.1296875 0.1140625
0 0.81875 0.47265625 0.159375 0.084375
0 0.8171875 0.56484375 0.190625 0.10625
0 0.5921875 0.5578125 0.2 0.10625
0 0.38359375 0.55625 0.165625 0.090625
0 0.17421875 0.5734375 0.2046875 0.10625
0 0.15 0.671875 0.165625 0.09375
0 0.14453125 0.7640625 0.16875 0.0921875
0 0.37109375 0.74765625 0.2234375 0.1328125
0 0.5953125 0.76171875 0.2 0.1015625
0 0.59375 0.66015625 0.2 0.1015625
0 0.8140625 0.66328125 0.1953125 0.0984375
0 0.8140625 0.7640625 0.190625 0.10625
0 0.37734375 0.6421875 0.165625 0.084375