0 0.17890625 0.46015625 0.2140625 0.1390625
0 0.3890625 0.46015625 0.15625 0.0796875
0 0.5953125 0.45078125 0.13125 0.1171875
0 0.81875 0.47265625 0.165625 0.096875
0 0.8171875 0.56484375 0.2 0.1265625
0 0.5921875 0.5578125 0.20625 0.121875
0 0.38359375 0.55625 0.1734375 0.10625
0 0.17421875 0.5734375 0.2109375 0.11875
0 0.15 0.671875 0.171875 0.109375
0 0.14453125 0.7640625 0.1671875 0.090625
0 0.37109375 0.74765625 0.234375 0.1515625
0 0.5953125 0.76171875 0.209375 0.1234375
0 0.59375 0.66015625 0.203125 0.1078125
0 0.8140625 0.66328125 0.2 0.1140625
0 0.8140625 0.7640625 0.2 0.125
0 0.37734375 0.6421875 0.1703125 0.090625