0 0.93046875 0.2453125 0.1390625 0.1453125
0 0.9328125 0.39296875 0.134375 0.1453125
0 0.7984375 0.3890625 0.1328125 0.1546875
0 0.9359375 0.53515625 0.128125 0.1453125
0 0.80078125 0.5359375 0.1421875 0.1515625
0 0.65390625 0.52890625 0.1421875 0.146875
0 0.5171875 0.67578125 0.1421875 0.1421875
0 0.93359375 0.6734375 0.1328125 0.1453125
0 0.79921875 0.67578125 0.1390625 0.1390625
0 0.65625 0.67578125 0.1375 0.1421875
0 0.93515625 0.81015625 0.1296875 0.1375
0 0.803125 0.81015625 0.1375 0.1375
0 0.6609375 0.80859375 0.1390625 0.1375
0 0.525 0.81015625 0.1390625 0.134375
0 0.3859375 0.8109375 0.1390625 0.1328125
0 0.24609375 0.80625 0.1421875 0.1390625
0 0.1078125 0.80625 0.1421875 0.1453125
0 0.9328125 0.9375 0.134375 0.125
0 0.7984375 0.93515625 0.1375 0.1203125
0 0.6625 0.9375 0.1390625 0.1234375
0 0.525 0.9390625 0.1375 0.1203125
0 0.3890625 0.9359375 0.1375 0.1203125
0 0.2515625 0.9390625 0.1390625 0.11875
0 0.1109375 0.9359375 0.1453125 0.125