0 0.93125 0.246875 0.1375 0.14453125
0 0.9328125 0.39296875 0.134375 0.1453125
0 0.7984375 0.3890625 0.13359375 0.15390625
0 0.9359375 0.53515625 0.128125 0.1453125
0 0.8 0.5359375 0.14296875 0.15234375
0 0.653125 0.52890625 0.14375 0.1453125
0 0.51640625 0.675 0.140625 0.14375
0 0.93359375 0.67265625 0.1328125 0.14375
0 0.7984375 0.675 0.13984375 0.13828125
0 0.65625 0.675 0.13828125 0.14375
0 0.93515625 0.809375 0.1296875 0.1375
0 0.803125 0.809375 0.1375 0.1375
0 0.66171875 0.80859375 0.1375 0.1359375
0 0.525 0.809375 0.13828125 0.134375
0 0.38515625 0.81171875 0.1390625 0.1328125
0 0.24609375 0.80703125 0.140625 0.1390625
0 0.10859375 0.80703125 0.140625 0.14375
0 0.93203125 0.93671875 0.1359375 0.1234375
0 0.7984375 0.93515625 0.13515625 0.121875
0 0.6625 0.9375 0.13828125 0.12421875
0 0.525 0.9390625 0.13671875 0.121875
0 0.38984375 0.93671875 0.1359375 0.121875
0 0.25078125 0.9390625 0.1390625 0.11640625
0 0.1109375 0.93671875 0.14375 0.125