0 0.4796875 0.18515625 0.1625 0.23125
0 0.1703125 0.40078125 0.159375 0.2234375
0 0.79765625 0.41484375 0.15625 0.2203125
0 0.6375 0.40703125 0.1609375 0.221875
0 0.32578125 0.384375 0.159375 0.2265625
0 0.48125 0.4140625 0.1578125 0.2265625
0 0.0453125 0.6171875 0.090625 0.234375
0 0.171875 0.6265625 0.1609375 0.2296875
0 0.33046875 0.61015625 0.1578125 0.228125
0 0.48359375 0.6359375 0.15625 0.221875
0 0.6375 0.63203125 0.153125 0.2234375
0 0.79296875 0.640625 0.1546875 0.2265625
0 0.04765625 0.82265625 0.09375 0.1765625
0 0.1703125 0.821875 0.159375 0.1671875
0 0.3296875 0.8140625 0.1609375 0.1875
0 0.93359375 0.64609375 0.1328125 0.2265625
0 0.484375 0.82890625 0.153125 0.1625
0 0.6375 0.82890625 0.153125 0.1625
0 0.93359375 0.83515625 0.1328125 0.1546875
0 0.790625 0.8328125 0.15625 0.15625