0 0.4796875 0.18515625 0.171875 0.2390625
0 0.1703125 0.4015625 0.171875 0.23125
0 0.7984375 0.41484375 0.159375 0.221875
0 0.63671875 0.40625 0.1703125 0.228125
0 0.32578125 0.384375 0.1828125 0.240625
0 0.48203125 0.41484375 0.1703125 0.2328125
0 0.046875 0.61640625 0.09375 0.2359375
0 0.171875 0.6265625 0.1625 0.228125
0 0.33046875 0.609375 0.1609375 0.228125
0 0.4828125 0.6359375 0.178125 0.234375
0 0.63828125 0.63203125 0.1734375 0.2375
0 0.79296875 0.640625 0.1765625 0.240625
0 0.05 0.8203125 0.1 0.18125
0 0.1703125 0.821875 0.165625 0.175
0 0.3296875 0.8140625 0.18125 0.203125
0 0.93203125 0.64453125 0.1359375 0.2296875
0 0.484375 0.8296875 0.16875 0.178125
0 0.63671875 0.8296875 0.1703125 0.178125
0 0.9296875 0.8359375 0.140625 0.165625
0 0.790625 0.8328125 0.15625 0.15625