0 0.084375 0.446875 0.16875 0.16796875
0 0.2609375 0.44609375 0.18515625 0.16875
0 0.46484375 0.45390625 0.1828125 0.1640625
0 0.6578125 0.44609375 0.1875 0.16875
0 0.875 0.4546875 0.209375 0.17109375
0 0.05859375 0.6109375 0.1171875 0.15859375
0 0.18203125 0.60625 0.13125 0.153125
0 0.3140625 0.6078125 0.125 0.159375
0 0.440625 0.6140625 0.12578125 0.159375
0 0.56953125 0.615625 0.125 0.16171875
0 0.70234375 0.61171875 0.1296875 0.159375
0 0.07578125 0.7703125 0.1515625 0.15234375
0 0.24375 0.7671875 0.17578125 0.153125
0 0.87734375 0.6296875 0.2109375 0.17265625
0 0.46171875 0.771875 0.175 0.153125
0 0.65703125 0.77265625 0.184375 0.1546875
0 0.85625 0.79140625 0.215625 0.1546875