0 0.12109375 0.178125 0.2421875 0.1859375
0 0.12421875 0.3671875 0.2484375 0.1859375
0 0.38515625 0.365625 0.2671875 0.1859375
0 0.66640625 0.371875 0.26875 0.18125
0 0.12421875 0.54921875 0.2484375 0.184375
0 0.3875 0.54375 0.2671875 0.1796875
0 0.6546875 0.55234375 0.271875 0.1765625
0 0.12421875 0.728125 0.2484375 0.18125
0 0.3796875 0.7203125 0.278125 0.1828125
0 0.6515625 0.73125 0.2546875 0.1796875
0 0.89375 0.72890625 0.2125 0.1734375
0 0.89375 0.55 0.2125 0.1828125
0 0.12890625 0.878125 0.2578125 0.1234375
0 0.39453125 0.87578125 0.2640625 0.125
0 0.6515625 0.878125 0.2546875 0.115625
0 0.89375 0.87734375 0.2125 0.1171875