0 0.125 0.1765625 0.25 0.20625
0 0.12734375 0.36484375 0.2546875 0.2078125
0 0.384375 0.365625 0.284375 0.215625
0 0.665625 0.37265625 0.284375 0.2015625
0 0.12578125 0.5484375 0.2515625 0.2
0 0.38828125 0.54296875 0.2765625 0.1953125
0 0.6546875 0.553125 0.28125 0.190625
0 0.125 0.72578125 0.25 0.1921875
0 0.3796875 0.7203125 0.28125 0.1875
0 0.6515625 0.73046875 0.26875 0.203125
0 0.89296875 0.728125 0.2140625 0.178125
0 0.89140625 0.54765625 0.2171875 0.1890625
0 0.12890625 0.878125 0.2578125 0.128125
0 0.39453125 0.8765625 0.275 0.15625
0 0.6515625 0.87890625 0.265625 0.1390625
0 0.89140625 0.8765625 0.2171875 0.1375