0 0.12109375 0.17734375 0.2421875 0.1859375
0 0.1234375 0.365625 0.246875 0.184375
0 0.384375 0.365625 0.26796875 0.1875
0 0.665625 0.37265625 0.26953125 0.1796875
0 0.1234375 0.5484375 0.246875 0.184375
0 0.38828125 0.54296875 0.2671875 0.18125
0 0.6546875 0.553125 0.271875 0.17578125
0 0.1234375 0.7265625 0.246875 0.18125
0 0.3796875 0.7203125 0.27890625 0.18359375
0 0.6515625 0.73046875 0.25390625 0.18125
0 0.89375 0.72890625 0.2125 0.1765625
0 0.89296875 0.5484375 0.2140625 0.18359375
0 0.12890625 0.87890625 0.2578125 0.1234375
0 0.39453125 0.8765625 0.2640625 0.125
0 0.6515625 0.87890625 0.25859375 0.115625
0 0.89375 0.8765625 0.2125 0.11875