0 0.12578125 0.17734375 0.2515625 0.2109375
0 0.125 0.36484375 0.25 0.1953125
0 0.384375 0.365625 0.2875 0.21875
0 0.665625 0.37265625 0.278125 0.1953125
0 0.1234375 0.54765625 0.246875 0.1859375
0 0.38828125 0.54296875 0.2796875 0.2015625
0 0.6546875 0.553125 0.278125 0.1875
0 0.1265625 0.72578125 0.253125 0.2015625
0 0.3796875 0.7203125 0.284375 0.19375
0 0.6515625 0.73046875 0.253125 0.1828125
0 0.89140625 0.728125 0.2171875 0.1875
0 0.88828125 0.5484375 0.2234375 0.203125
0 0.12890625 0.878125 0.2578125 0.125
0 0.39453125 0.8765625 0.2703125 0.140625
0 0.6515625 0.87890625 0.2625 0.134375
0 0.89140625 0.8765625 0.2171875 0.1375