0 0.12109375 0.1765625 0.2421875 0.184375
0 0.1265625 0.36484375 0.253125 0.2046875
0 0.384375 0.365625 0.26875 0.1875
0 0.665625 0.37265625 0.271875 0.1859375
0 0.12734375 0.54765625 0.2546875 0.2109375
0 0.38828125 0.54296875 0.2671875 0.1828125
0 0.6546875 0.553125 0.2875 0.2
0 0.12734375 0.72578125 0.2546875 0.2078125
0 0.3796875 0.7203125 0.290625 0.203125
0 0.6515625 0.73046875 0.253125 0.18125
0 0.89296875 0.72890625 0.2140625 0.1796875
0 0.88984375 0.54765625 0.2203125 0.1984375
0 0.1296875 0.878125 0.259375 0.13125
0 0.39453125 0.8765625 0.2734375 0.15
0 0.6515625 0.87890625 0.259375 0.1203125
0 0.89296875 0.87578125 0.2140625 0.1203125