0 0.125 0.1765625 0.25 0.209375
0 0.12578125 0.365625 0.2515625 0.2
0 0.384375 0.365625 0.26875 0.1875
0 0.665625 0.37265625 0.284375 0.2046875
0 0.12421875 0.54765625 0.2484375 0.1921875
0 0.38828125 0.54296875 0.284375 0.2109375
0 0.6546875 0.553125 0.278125 0.1875
0 0.12734375 0.7265625 0.2546875 0.20625
0 0.3796875 0.7203125 0.296875 0.215625
0 0.6515625 0.73046875 0.259375 0.1921875
0 0.89140625 0.728125 0.2171875 0.184375
0 0.88984375 0.54765625 0.2203125 0.1953125
0 0.13046875 0.878125 0.2609375 0.14375
0 0.39453125 0.8765625 0.275 0.153125
0 0.6515625 0.87890625 0.259375 0.128125
0 0.89296875 0.8765625 0.2140625 0.121875