0 0.12421875 0.1765625 0.2484375 0.2
0 0.125 0.36484375 0.25 0.1953125
0 0.384375 0.365625 0.28125 0.209375
0 0.665625 0.37265625 0.28125 0.2015625
0 0.12421875 0.5484375 0.2484375 0.190625
0 0.38828125 0.54296875 0.2765625 0.1953125
0 0.6546875 0.553125 0.271875 0.175
0 0.1265625 0.7265625 0.253125 0.203125
0 0.3796875 0.7203125 0.290625 0.20625
0 0.6515625 0.73046875 0.26875 0.2078125
0 0.89140625 0.728125 0.2171875 0.184375
0 0.8890625 0.54765625 0.221875 0.2015625
0 0.13125 0.878125 0.2625 0.15
0 0.39453125 0.8765625 0.2671875 0.13125
0 0.6515625 0.87890625 0.25625 0.1171875
0 0.89296875 0.87578125 0.2140625 0.1203125