0 0.0953125 0.20625 0.190625 0.140625
0 0.11328125 0.11171875 0.2265625 0.0484375
0 0.30546875 0.20546875 0.1265625 0.278125
0 0.20078125 0.04921875 0.2953125 0.0984375
0 0.521875 0.07109375 0.3125 0.1421875
0 0.83671875 0.065625 0.3078125 0.13125
0 0.5328125 0.27421875 0.3125 0.3109375
0 0.83359375 0.26484375 0.3328125 0.3390625
0 0.09609375 0.34765625 0.1921875 0.1421875
0 0.28984375 0.4359375 0.2015625 0.20625
0 0.103125 0.57109375 0.20625 0.3203125
0 0.2828125 0.6296875 0.203125 0.225
0 0.48828125 0.584375 0.2421875 0.33125
0 0.71875 0.5796875 0.265625 0.321875
0 0.91875 0.5140625 0.1625 0.209375
0 0.14921875 0.815625 0.2984375 0.2
0 0.4796875 0.8234375 0.384375 0.1875
0 0.77734375 0.821875 0.2328125 0.19375
0 0.9359375 0.7625 0.128125 0.296875