0 0.0984375 0.20625 0.196875 0.159375
0 0.11328125 0.1109375 0.2265625 0.065625
0 0.30546875 0.20546875 0.1140625 0.275
0 0.20078125 0.04453125 0.2890625 0.0890625
0 0.521875 0.06796875 0.309375 0.1359375
0 0.83671875 0.0671875 0.3078125 0.134375
0 0.5328125 0.27421875 0.3125 0.3109375
0 0.840625 0.265625 0.31875 0.309375
0 0.096875 0.34765625 0.19375 0.1484375
0 0.28984375 0.4359375 0.1953125 0.2
0 0.1 0.571875 0.2 0.315625
0 0.2828125 0.6296875 0.196875 0.21875
0 0.48828125 0.584375 0.2453125 0.33125
0 0.71875 0.5796875 0.265625 0.31875
0 0.9203125 0.5140625 0.153125 0.203125
0 0.15 0.815625 0.3 0.209375
0 0.4796875 0.8234375 0.3875 0.196875
0 0.77734375 0.821875 0.2328125 0.19375
0 0.93671875 0.7625 0.1265625 0.296875