0 0.09765625 0.20625 0.1953125 0.15625
0 0.11328125 0.1109375 0.2265625 0.065625
0 0.30546875 0.20546875 0.1390625 0.2796875
0 0.20078125 0.0484375 0.2953125 0.096875
0 0.52109375 0.0671875 0.3078125 0.134375
0 0.83671875 0.06171875 0.3015625 0.1234375
0 0.5328125 0.27421875 0.325 0.3234375
0 0.834375 0.26484375 0.33125 0.3359375
0 0.09765625 0.34765625 0.1953125 0.1515625
0 0.28984375 0.4359375 0.1921875 0.196875
0 0.1 0.571875 0.2 0.315625
0 0.2828125 0.6296875 0.203125 0.225
0 0.48828125 0.584375 0.2390625 0.328125
0 0.71875 0.5796875 0.278125 0.328125
0 0.91796875 0.5140625 0.1640625 0.2125
0 0.14921875 0.815625 0.2984375 0.2
0 0.4796875 0.8234375 0.3875 0.19375
0 0.77734375 0.821875 0.2203125 0.178125
0 0.93828125 0.76328125 0.1234375 0.2953125