0 0.09609375 0.20703125 0.1921875 0.1484375
0 0.11328125 0.1109375 0.2265625 0.053125
0 0.30546875 0.20546875 0.1265625 0.278125
0 0.20078125 0.0515625 0.2953125 0.103125
0 0.52109375 0.0671875 0.3078125 0.134375
0 0.83671875 0.0609375 0.3015625 0.121875
0 0.5328125 0.27421875 0.315625 0.3140625
0 0.8328125 0.26484375 0.334375 0.3421875
0 0.09609375 0.34765625 0.1921875 0.1421875
0 0.28984375 0.4359375 0.2046875 0.209375
0 0.09921875 0.57109375 0.1984375 0.3140625
0 0.2828125 0.6296875 0.1875 0.2125
0 0.48828125 0.584375 0.2453125 0.33125
0 0.71875 0.5796875 0.2875 0.3375
0 0.91796875 0.51328125 0.1640625 0.2109375
0 0.1484375 0.815625 0.296875 0.196875
0 0.4796875 0.8234375 0.378125 0.171875
0 0.77734375 0.821875 0.2359375 0.196875
0 0.93828125 0.76328125 0.1234375 0.2953125