0 0.09765625 0.20625 0.1953125 0.15625
0 0.11328125 0.1109375 0.2265625 0.059375
0 0.30546875 0.20546875 0.1265625 0.278125
0 0.20078125 0.0484375 0.2953125 0.096875
0 0.52109375 0.071875 0.3140625 0.14375
0 0.83671875 0.0609375 0.3015625 0.121875
0 0.5328125 0.27421875 0.315625 0.3140625
0 0.8328125 0.26484375 0.334375 0.3390625
0 0.0984375 0.34765625 0.196875 0.1546875
0 0.28984375 0.4359375 0.1921875 0.196875
0 0.1 0.571875 0.2 0.315625
0 0.2828125 0.6296875 0.190625 0.215625
0 0.48828125 0.584375 0.2421875 0.33125
0 0.71875 0.5796875 0.271875 0.325
0 0.91640625 0.51328125 0.1671875 0.2171875
0 0.15 0.815625 0.3 0.20625
0 0.4796875 0.8234375 0.3875 0.190625
0 0.77734375 0.821875 0.2359375 0.2
0 0.93203125 0.76328125 0.1359375 0.3015625