0 0.096875 0.20625 0.19375 0.15
0 0.11328125 0.11171875 0.2265625 0.0671875
0 0.30546875 0.20546875 0.1359375 0.2796875
0 0.20078125 0.04453125 0.2890625 0.0890625
0 0.52109375 0.06953125 0.3109375 0.1390625
0 0.83671875 0.06640625 0.3078125 0.1328125
0 0.5328125 0.27421875 0.340625 0.3421875
0 0.8359375 0.26484375 0.328125 0.3265625
0 0.09921875 0.34765625 0.1984375 0.1609375
0 0.28984375 0.4359375 0.2015625 0.20625
0 0.10390625 0.571875 0.2078125 0.321875
0 0.2828125 0.6296875 0.19375 0.215625
0 0.48828125 0.584375 0.2453125 0.33125
0 0.71875 0.5796875 0.25625 0.3125
0 0.91640625 0.51328125 0.1671875 0.2171875
0 0.1484375 0.815625 0.296875 0.196875
0 0.4796875 0.8234375 0.38125 0.18125
0 0.77734375 0.821875 0.2328125 0.19375
0 0.940625 0.76328125 0.11875 0.2921875