0 0.0953125 0.20703125 0.190625 0.1390625
0 0.11328125 0.11171875 0.2265625 0.040625
0 0.30546875 0.20546875 0.10625 0.271875
0 0.2015625 0.04453125 0.290625 0.0890625
0 0.521875 0.0640625 0.303125 0.128125
0 0.8375 0.06015625 0.3015625 0.1203125
0 0.5328125 0.27421875 0.3109375 0.3109375
0 0.84140625 0.265625 0.3171875 0.3078125
0 0.09609375 0.3484375 0.1921875 0.1390625
0 0.28984375 0.4359375 0.1828125 0.1875
0 0.0953125 0.571875 0.190625 0.303125
0 0.2828125 0.6296875 0.1828125 0.209375
0 0.48828125 0.584375 0.2140625 0.3140625
0 0.71875 0.5796875 0.253125 0.3109375
0 0.9203125 0.5140625 0.1546875 0.2015625
0 0.146875 0.81640625 0.29375 0.18125
0 0.4796875 0.8234375 0.378125 0.16875
0 0.77734375 0.821875 0.221875 0.178125
0 0.940625 0.76328125 0.11875 0.2921875