0 0.0953125 0.20703125 0.190625 0.140625
0 0.11328125 0.1109375 0.2265625 0.040625
0 0.30546875 0.20546875 0.1046875 0.2703125
0 0.20234375 0.04453125 0.290625 0.0890625
0 0.521875 0.06328125 0.303125 0.1265625
0 0.8390625 0.0609375 0.3015625 0.121875
0 0.5328125 0.2734375 0.309375 0.3109375
0 0.84140625 0.26484375 0.3171875 0.3078125
0 0.09609375 0.34765625 0.1921875 0.1390625
0 0.28984375 0.43671875 0.1828125 0.1875
0 0.0953125 0.57265625 0.190625 0.303125
0 0.2828125 0.63046875 0.1828125 0.2078125
0 0.4875 0.58359375 0.2140625 0.3171875
0 0.71875 0.57890625 0.2515625 0.3109375
0 0.92109375 0.51484375 0.1546875 0.2015625
0 0.14609375 0.81484375 0.2921875 0.1796875
0 0.48046875 0.82421875 0.3765625 0.16875
0 0.778125 0.821875 0.221875 0.178125
0 0.94140625 0.7640625 0.1171875 0.2921875