0 0.1234375 0.49140625 0.17890625 0.159375
0 0.328125 0.5390625 0.20078125 0.175
0 0.1390625 0.61640625 0.1875 0.1609375
0 0.328125 0.66328125 0.20078125 0.171875
0 0.1421875 0.7359375 0.184375 0.165625
0 0.3296875 0.78828125 0.19375 0.1703125
0 0.64453125 0.1890625 0.24375 0.17890625
0 0.6390625 0.328125 0.23125 0.175
0 0.64375 0.4703125 0.234375 0.17890625
0 0.64921875 0.6046875 0.234375 0.1875
0 0.65625 0.74453125 0.2375 0.1890625
0 0.8859375 0.215625 0.22734375 0.184375
0 0.88515625 0.3703125 0.228125 0.175
0 0.88671875 0.5109375 0.225 0.18515625
0 0.8875 0.659375 0.21953125 0.18671875
0 0.8890625 0.8 0.221875 0.196875