0 0.1234375 0.49140625 0.19375 0.1734375
0 0.328125 0.53828125 0.21875 0.1953125
0 0.1390625 0.61640625 0.2 0.1765625
0 0.328125 0.66328125 0.2 0.175
0 0.1421875 0.7359375 0.1875 0.16875
0 0.3296875 0.78828125 0.20625 0.1828125
0 0.64453125 0.1890625 0.2515625 0.196875
0 0.6390625 0.328125 0.240625 0.190625
0 0.64453125 0.4703125 0.2421875 0.190625
0 0.64921875 0.6046875 0.2390625 0.190625
0 0.65625 0.74375 0.25625 0.215625
0 0.88125 0.2140625 0.2375 0.209375
0 0.88359375 0.36953125 0.2328125 0.1828125
0 0.884375 0.51015625 0.23125 0.1953125
0 0.88671875 0.65859375 0.2265625 0.1984375
0 0.88671875 0.79765625 0.2265625 0.2046875