0 0.1234375 0.49140625 0.18125 0.159375
0 0.328125 0.53828125 0.2015625 0.1734375
0 0.1390625 0.61640625 0.1875 0.1609375
0 0.328125 0.66328125 0.2015625 0.1734375
0 0.1421875 0.7359375 0.1859375 0.165625
0 0.3296875 0.78828125 0.19375 0.1703125
0 0.64453125 0.1890625 0.24375 0.18125
0 0.6390625 0.328125 0.23125 0.1765625
0 0.64453125 0.4703125 0.2359375 0.1796875
0 0.64921875 0.6046875 0.2359375 0.1875
0 0.65625 0.74375 0.2390625 0.1875
0 0.8859375 0.21484375 0.2265625 0.1859375
0 0.884375 0.3703125 0.2265625 0.1734375
0 0.88671875 0.5109375 0.2234375 0.1859375
0 0.88671875 0.65859375 0.21875 0.1875
0 0.88828125 0.7984375 0.2234375 0.196875