0 0.1234375 0.49140625 0.1875 0.1671875
0 0.328125 0.53828125 0.209375 0.1828125
0 0.1390625 0.61640625 0.1875 0.1625
0 0.328125 0.66328125 0.209375 0.1828125
0 0.1421875 0.7359375 0.2 0.18125
0 0.3296875 0.78828125 0.2 0.1765625
0 0.64453125 0.1890625 0.2515625 0.19375
0 0.6390625 0.328125 0.2375 0.184375
0 0.64453125 0.4703125 0.2421875 0.190625
0 0.64921875 0.6046875 0.2515625 0.209375
0 0.65625 0.74375 0.25 0.20625
0 0.88359375 0.2140625 0.2328125 0.2
0 0.88203125 0.36953125 0.2359375 0.1921875
0 0.8859375 0.51015625 0.228125 0.1890625
0 0.88671875 0.65859375 0.221875 0.1921875
0 0.88359375 0.7984375 0.2328125 0.21875