0 0.6140625 0.30703125 0.1765625 0.0546875
0 0.58984375 0.35 0.125 0.0484375
0 0.559375 0.42109375 0.1140625 0.0359375
0 0.7625 0.41484375 0.05625 0.0546875
0 0.68828125 0.3734375 0.121875 0.0515625
0 0.6453125 0.496875 0.284375 0.1125
0 0.36875 0.578125 0.221875 0.096875
0 0.67734375 0.6015625 0.2953125 0.096875
0 0.85703125 0.7875 0.1171875 0.121875
0 0.3953125 0.64609375 0.24375 0.046875
0 0.38671875 0.80390625 0.2765625 0.2765625
0 0.5078125 0.9109375 0.128125 0.1296875
0 0.6671875 0.7625 0.146875 0.23125
0 0.59296875 0.7421875 0.2109375 0.34375