0 0.68046875 0.1953125 0.1765625 0.159375
0 0.590625 0.3484375 0.1765625 0.1578125
0 0.415625 0.3484375 0.175 0.1625
0 0.50703125 0.19140625 0.1765625 0.1515625
0 0.32890625 0.19453125 0.178125 0.1578125
0 0.240625 0.34921875 0.1796875 0.15625
0 0.2390625 0.503125 0.1734375 0.1484375
0 0.41328125 0.50078125 0.1734375 0.15625
0 0.76328125 0.659375 0.1734375 0.15
0 0.76953125 0.35 0.1796875 0.1578125
0 0.7640625 0.50546875 0.178125 0.1546875
0 0.58984375 0.50546875 0.175 0.1546875
0 0.58671875 0.65703125 0.1796875 0.1515625
0 0.41171875 0.65390625 0.1734375 0.1453125
0 0.2375 0.6515625 0.175 0.1453125