0 0.68046875 0.19453125 0.1765625 0.1609375
0 0.59140625 0.3484375 0.1765625 0.159375
0 0.415625 0.3484375 0.17578125 0.16015625
0 0.50703125 0.19140625 0.1765625 0.1515625
0 0.3296875 0.19453125 0.178125 0.159375
0 0.240625 0.3484375 0.18125 0.15625
0 0.2390625 0.50234375 0.17734375 0.15
0 0.41328125 0.5015625 0.1734375 0.15625
0 0.76328125 0.66015625 0.1734375 0.15
0 0.76953125 0.35 0.18125 0.15625
0 0.7640625 0.50625 0.178125 0.153125
0 0.58984375 0.50625 0.1734375 0.153125
0 0.58671875 0.65625 0.1796875 0.15078125
0 0.4109375 0.65390625 0.17734375 0.146875
0 0.23671875 0.6515625 0.1765625 0.146875