0 0.034375 0.15625 0.06875 0.3125
0 0.10234375 0.15234375 0.059375 0.3046875
0 0.165625 0.153125 0.0625 0.30625
0 0.2296875 0.15234375 0.065625 0.3046875
0 0.29375 0.15234375 0.0671875 0.3046875
0 0.0328125 0.4828125 0.065625 0.3421875
0 0.0984375 0.4796875 0.0640625 0.3390625
0 0.15859375 0.478125 0.0609375 0.34375
0 0.22109375 0.47890625 0.0640625 0.3375
0 0.284375 0.47734375 0.0625 0.334375
0 0.36171875 0.159375 0.0703125 0.31875
0 0.353125 0.48046875 0.078125 0.3296875
0 0.43125 0.16015625 0.0703125 0.3203125
0 0.496875 0.159375 0.06875 0.31875
0 0.43515625 0.4859375 0.0859375 0.3296875
0 0.559375 0.16171875 0.0734375 0.321875
0 0.6234375 0.16171875 0.0703125 0.321875
0 0.515625 0.49296875 0.0875 0.3375
0 0.6875 0.1640625 0.078125 0.328125
0 0.59921875 0.4953125 0.0859375 0.3328125
0 0.75625 0.14296875 0.06875 0.2859375
0 0.68046875 0.4921875 0.090625 0.33125
0 0.8203125 0.14921875 0.0734375 0.2984375
0 0.7859375 0.4671875 0.1078125 0.3328125
0 0.88671875 0.153125 0.08125 0.30625
0 0.8765625 0.4703125 0.103125 0.325
0 0.96328125 0.14296875 0.0734375 0.2859375
0 0.95390625 0.4640625 0.0921875 0.3375
0 0.03515625 0.7859375 0.0703125 0.265625
0 0.10859375 0.78515625 0.06875 0.2640625
0 0.1796875 0.78359375 0.071875 0.26875
0 0.2421875 0.7859375 0.071875 0.26875
0 0.31953125 0.7828125 0.071875 0.2640625
0 0.4015625 0.784375 0.1 0.2640625
0 0.47109375 0.7875 0.0953125 0.265625
0 0.5390625 0.78828125 0.0890625 0.2609375
0 0.603125 0.78671875 0.08125 0.2703125
0 0.66640625 0.790625 0.0828125 0.2625
0 0.73515625 0.78359375 0.0796875 0.26875
0 0.78984375 0.77421875 0.0796875 0.2921875
0 0.85390625 0.77890625 0.0734375 0.2828125
0 0.91875 0.7734375 0.0734375 0.2890625
0 0.97421875 0.77421875 0.0515625 0.2875