0 0.87109375 0.6578125 0.08125 0.075
0 0.7546875 0.790625 0.2828125 0.2296875
0 0.65 0.49375 0.0859375 0.053125
0 0.68984375 0.60625 0.153125 0.1640625
0 0.5234375 0.56015625 0.1609375 0.1640625
0 0.50546875 0.44296875 0.1171875 0.071875
0 0.5046875 0.33828125 0.084375 0.121875
0 0.40078125 0.43359375 0.0953125 0.1203125
0 0.37265625 0.57421875 0.13125 0.1625
0 0.24609375 0.60390625 0.1171875 0.0796875
0 0.25546875 0.5375 0.0828125 0.05
0 0.35703125 0.7765625 0.15625 0.21875
0 0.62265625 0.4359375 0.0625 0.0609375
0 0.2078125 0.76875 0.178125 0.246875
0 0.5265625 0.7578125 0.159375 0.2453125