0 0.87109375 0.6578125 0.0890625 0.084375
0 0.7546875 0.790625 0.3 0.25
0 0.65 0.49375 0.090625 0.0625
0 0.68984375 0.60546875 0.1640625 0.1734375
0 0.52421875 0.56015625 0.1734375 0.1796875
0 0.50625 0.4421875 0.11875 0.071875
0 0.5046875 0.3390625 0.090625 0.125
0 0.4015625 0.4328125 0.109375 0.13125
0 0.37265625 0.5734375 0.1421875 0.16875
0 0.24609375 0.603125 0.1203125 0.0875
0 0.25625 0.5375 0.084375 0.053125
0 0.35703125 0.7765625 0.1640625 0.221875
0 0.62265625 0.43515625 0.0671875 0.065625
0 0.2078125 0.76796875 0.203125 0.2640625
0 0.5265625 0.75859375 0.1625 0.2484375