0 0.87109375 0.6578125 0.0828125 0.075
0 0.7546875 0.790625 0.296875 0.246875
0 0.65 0.49375 0.0875 0.053125
0 0.68984375 0.60546875 0.1546875 0.1640625
0 0.52421875 0.56015625 0.1703125 0.1734375
0 0.50625 0.4421875 0.11875 0.071875
0 0.5046875 0.3390625 0.090625 0.125
0 0.4015625 0.4328125 0.10625 0.128125
0 0.37265625 0.5734375 0.1453125 0.171875
0 0.24609375 0.603125 0.1203125 0.0875
0 0.25625 0.5375 0.084375 0.05625
0 0.35703125 0.7765625 0.16875 0.225
0 0.62265625 0.43515625 0.06875 0.0671875
0 0.2078125 0.76796875 0.184375 0.2546875
0 0.5265625 0.75859375 0.159375 0.2453125