0 0.459375 0.2046875 0.05625 0.053125
0 0.46015625 0.2765625 0.1015625 0.10625
0 0.584375 0.26796875 0.11875 0.1171875
0 0.3234375 0.27734375 0.0875 0.1015625
0 0.34140625 0.38359375 0.1671875 0.1296875
0 0.4703125 0.39453125 0.10625 0.1421875
0 0.34609375 0.5015625 0.1578125 0.121875
0 0.4828125 0.53125 0.103125 0.14375
0 0.46640625 0.6546875 0.1578125 0.1125
0 0.47578125 0.76796875 0.1609375 0.1234375
0 0.33671875 0.76171875 0.0984375 0.1421875
0 0.31640625 0.62890625 0.1046875 0.140625
0 0.14765625 0.3890625 0.078125 0.059375
0 0.1734375 0.453125 0.103125 0.075
0 0.17890625 0.540625 0.1515625 0.128125
0 0.18984375 0.6515625 0.1625 0.1375
0 0.18515625 0.75703125 0.1484375 0.1109375
0 0.05546875 0.68046875 0.0859375 0.1671875
0 0.0578125 0.7921875 0.115625 0.078125
0 0.58671875 0.37109375 0.109375 0.0984375
0 0.71015625 0.39765625 0.1265625 0.11875
0 0.7015625 0.32109375 0.0625 0.0578125
0 0.71484375 0.50234375 0.071875 0.1046875
0 0.803125 0.49375 0.115625 0.0625
0 0.81015625 0.57109375 0.09375 0.1140625
0 0.73828125 0.61796875 0.0703125 0.1421875
0 0.57421875 0.48828125 0.10625 0.1546875
0 0.5921875 0.625 0.109375 0.15
0 0.60703125 0.75703125 0.1109375 0.1375
0 0.72109375 0.75234375 0.09375 0.1421875
0 0.921875 0.609375 0.075 0.059375
0 0.94140625 0.66484375 0.1171875 0.0640625
0 0.8265625 0.65234375 0.11875 0.071875
0 0.80390625 0.7515625 0.0828125 0.1375
0 0.94765625 0.72734375 0.1046875 0.0796875
0 0.90234375 0.790625 0.0765625 0.096875