0 0.459375 0.20390625 0.05546875 0.053125
0 0.46015625 0.2765625 0.0953125 0.1
0 0.58359375 0.26875 0.1078125 0.10703125
0 0.3234375 0.27734375 0.08359375 0.0984375
0 0.3421875 0.38359375 0.159375 0.1171875
0 0.4703125 0.39375 0.1 0.13671875
0 0.34609375 0.5015625 0.153125 0.11875
0 0.4828125 0.53046875 0.09140625 0.1390625
0 0.4671875 0.6546875 0.15859375 0.1125
0 0.47578125 0.76796875 0.153125 0.1140625
0 0.33671875 0.76171875 0.09375 0.14375
0 0.31640625 0.628125 0.096875 0.13671875
0 0.14765625 0.38984375 0.0765625 0.05625
0 0.17265625 0.453125 0.1015625 0.06953125
0 0.17890625 0.540625 0.140625 0.115625
0 0.190625 0.6515625 0.15078125 0.121875
0 0.184375 0.75703125 0.146875 0.1125
0 0.05546875 0.68046875 0.078125 0.1609375
0 0.05703125 0.79375 0.1140625 0.078125
0 0.58671875 0.37109375 0.1046875 0.0953125
0 0.71015625 0.39765625 0.1140625 0.10625
0 0.70234375 0.32109375 0.0578125 0.0515625
0 0.71484375 0.50234375 0.0671875 0.103125
0 0.803125 0.49375 0.1125 0.05625
0 0.809375 0.5703125 0.084375 0.10390625
0 0.7375 0.6171875 0.0625 0.13984375
0 0.57421875 0.4875 0.0921875 0.14453125
0 0.59296875 0.625 0.1 0.14296875
0 0.60703125 0.75703125 0.1 0.1328125
0 0.72109375 0.75234375 0.0890625 0.1359375
0 0.92265625 0.609375 0.06875 0.053125
0 0.94296875 0.665625 0.1140625 0.0625
0 0.8265625 0.65234375 0.11484375 0.0671875
0 0.8046875 0.75078125 0.07890625 0.1375
0 0.95 0.72890625 0.1 0.0703125
0 0.90234375 0.790625 0.06875 0.09375