0 0.115625 0.14140625 0.23125 0.2265625
0 0.3796875 0.14453125 0.3125 0.2265625
0 0.1078125 0.36171875 0.215625 0.2078125
0 0.3796875 0.36328125 0.303125 0.2171875
0 0.11171875 0.57265625 0.2234375 0.2359375
0 0.1015625 0.78515625 0.203125 0.2140625
0 0.37109375 0.5796875 0.3109375 0.246875
0 0.64453125 0.1515625 0.24375 0.240625
0 0.89453125 0.12265625 0.2109375 0.2453125
0 0.64765625 0.36796875 0.2453125 0.2234375
0 0.8921875 0.371875 0.215625 0.25625
0 0.89375 0.61953125 0.2125 0.2484375
0 0.36796875 0.7859375 0.315625 0.228125
0 0.61171875 0.83671875 0.3453125 0.1390625
0 0.64453125 0.58046875 0.2609375 0.2328125