0 0.1140625 0.14140625 0.228125 0.2203125
0 0.3796875 0.14453125 0.303125 0.2109375
0 0.109375 0.3609375 0.21875 0.215625
0 0.3796875 0.36328125 0.309375 0.2296875
0 0.1125 0.57265625 0.225 0.2390625
0 0.10625 0.784375 0.2125 0.23125
0 0.37109375 0.5796875 0.3078125 0.2375
0 0.64453125 0.1515625 0.253125 0.25
0 0.89140625 0.12578125 0.2171875 0.2515625
0 0.64765625 0.36796875 0.2578125 0.2390625
0 0.88984375 0.371875 0.2203125 0.2625
0 0.89375 0.6203125 0.2125 0.246875
0 0.36796875 0.7859375 0.3171875 0.23125
0 0.61171875 0.83671875 0.3453125 0.1359375
0 0.64453125 0.58046875 0.2609375 0.2359375