0 0.11484375 0.14140625 0.2296875 0.2234375
0 0.3796875 0.14453125 0.296875 0.2046875
0 0.109375 0.3609375 0.21875 0.215625
0 0.3796875 0.36328125 0.309375 0.2296875
0 0.11328125 0.57265625 0.2265625 0.2453125
0 0.103125 0.784375 0.20625 0.21875
0 0.37109375 0.5796875 0.3078125 0.240625
0 0.64453125 0.1515625 0.2390625 0.234375
0 0.88828125 0.128125 0.2234375 0.25625
0 0.64765625 0.36796875 0.2609375 0.2421875
0 0.8921875 0.371875 0.215625 0.253125
0 0.89453125 0.6203125 0.2109375 0.24375
0 0.36796875 0.7859375 0.3203125 0.234375
0 0.61171875 0.83671875 0.346875 0.1421875
0 0.64453125 0.58046875 0.2546875 0.2234375