0 0.1125 0.14140625 0.225 0.2109375
0 0.3796875 0.14453125 0.315625 0.23125
0 0.11171875 0.3609375 0.2234375 0.225
0 0.3796875 0.36328125 0.303125 0.2171875
0 0.1125 0.57265625 0.225 0.2390625
0 0.10390625 0.78515625 0.2078125 0.2234375
0 0.37109375 0.5796875 0.3046875 0.234375
0 0.64453125 0.1515625 0.2484375 0.24375
0 0.8890625 0.12734375 0.221875 0.2546875
0 0.64765625 0.36796875 0.2515625 0.2296875
0 0.8921875 0.371875 0.215625 0.253125
0 0.8890625 0.61953125 0.221875 0.2609375
0 0.36796875 0.7859375 0.30625 0.2125
0 0.61171875 0.83671875 0.3484375 0.1484375
0 0.64453125 0.58046875 0.2609375 0.2328125