0 0.11171875 0.1421875 0.2234375 0.20859375
0 0.3796875 0.14453125 0.29609375 0.2046875
0 0.10703125 0.36171875 0.2140625 0.2046875
0 0.3796875 0.36328125 0.29609375 0.2125
0 0.1078125 0.5734375 0.215625 0.221875
0 0.10078125 0.78515625 0.2015625 0.209375
0 0.37109375 0.5796875 0.290625 0.21484375
0 0.64453125 0.1515625 0.228125 0.225
0 0.8953125 0.12265625 0.209375 0.2453125
0 0.64765625 0.36796875 0.2421875 0.221875
0 0.8953125 0.37265625 0.209375 0.2484375
0 0.89609375 0.6203125 0.2078125 0.240625
0 0.36796875 0.7859375 0.303125 0.209375
0 0.61171875 0.83671875 0.34375 0.134375
0 0.64453125 0.58046875 0.24375 0.2125