0 0.11171875 0.14140625 0.2234375 0.2078125
0 0.3796875 0.14453125 0.29609375 0.203125
0 0.10703125 0.36171875 0.2140625 0.203125
0 0.3796875 0.3625 0.29609375 0.21171875
0 0.10859375 0.57421875 0.2171875 0.2234375
0 0.1015625 0.78671875 0.203125 0.2078125
0 0.37109375 0.57890625 0.2921875 0.215625
0 0.64453125 0.1515625 0.2296875 0.225
0 0.8953125 0.1234375 0.209375 0.24375
0 0.64765625 0.3671875 0.240625 0.22109375
0 0.8953125 0.371875 0.209375 0.246875
0 0.896875 0.6203125 0.20625 0.23984375
0 0.36796875 0.7859375 0.303125 0.20859375
0 0.6125 0.8359375 0.34375 0.134375
0 0.64453125 0.58125 0.2421875 0.21171875