0 0.11640625 0.14140625 0.2328125 0.2296875
0 0.3796875 0.14453125 0.296875 0.2046875
0 0.1109375 0.3609375 0.221875 0.221875
0 0.3796875 0.36328125 0.3125 0.2359375
0 0.109375 0.57265625 0.21875 0.2296875
0 0.10234375 0.78515625 0.2046875 0.2171875
0 0.37109375 0.5796875 0.3015625 0.23125
0 0.64453125 0.1515625 0.253125 0.25
0 0.88984375 0.1265625 0.2203125 0.253125
0 0.64765625 0.36796875 0.2515625 0.2328125
0 0.89140625 0.371875 0.2171875 0.25625
0 0.89296875 0.61953125 0.2140625 0.2515625
0 0.36796875 0.7859375 0.3203125 0.234375
0 0.61171875 0.83671875 0.3515625 0.1609375
0 0.64453125 0.58046875 0.2546875 0.2265625