0 0.11328125 0.14140625 0.2265625 0.2140625
0 0.3796875 0.14453125 0.303125 0.2125
0 0.10859375 0.3609375 0.2171875 0.2125
0 0.3796875 0.36328125 0.296875 0.2140625
0 0.11171875 0.57265625 0.2234375 0.2390625
0 0.10390625 0.78515625 0.2078125 0.2234375
0 0.37109375 0.5796875 0.2921875 0.21875
0 0.64453125 0.1515625 0.246875 0.24375
0 0.89453125 0.12265625 0.2109375 0.2453125
0 0.64765625 0.36796875 0.2609375 0.2421875
0 0.88984375 0.371875 0.2203125 0.2625
0 0.8890625 0.61953125 0.221875 0.2640625
0 0.36796875 0.7859375 0.3046875 0.209375
0 0.61171875 0.83671875 0.34375 0.134375
0 0.64453125 0.58046875 0.2421875 0.2140625