0 0.5171875 0.76484375 0.1625 0.253125
0 0.5234375 0.55546875 0.15625 0.165625
0 0.5546875 0.4515625 0.084375 0.046875
0 0.5609375 0.396875 0.06640625 0.06171875
0 0.46171875 0.40859375 0.1 0.125
0 0.36875 0.37421875 0.08125 0.053125
0 0.359375 0.31484375 0.06953125 0.0578125
0 0.26640625 0.36953125 0.075 0.1234375
0 0.1953125 0.54453125 0.15234375 0.2046875
0 0.175 0.77265625 0.19921875 0.2625
0 0.3578125 0.5734375 0.13515625 0.16640625
0 0.3484375 0.44453125 0.12109375 0.0859375
0 0.33359375 0.7796875 0.165625 0.2375