0 0.5171875 0.7640625 0.178125 0.2625
0 0.52265625 0.55546875 0.1671875 0.1765625
0 0.55546875 0.45078125 0.0859375 0.05
0 0.5609375 0.396875 0.06875 0.065625
0 0.46171875 0.40859375 0.1140625 0.1328125
0 0.36875 0.3734375 0.084375 0.05625
0 0.359375 0.31484375 0.06875 0.059375
0 0.2671875 0.36875 0.075 0.128125
0 0.19609375 0.54453125 0.1671875 0.2140625
0 0.17578125 0.77265625 0.2171875 0.2765625
0 0.35703125 0.5734375 0.1421875 0.175
0 0.3484375 0.44453125 0.128125 0.0921875
0 0.334375 0.7796875 0.175 0.240625