0 0.5171875 0.7640625 0.175 0.259375
0 0.52265625 0.55546875 0.1734375 0.1828125
0 0.55546875 0.45078125 0.0828125 0.0453125
0 0.5609375 0.396875 0.06875 0.065625
0 0.46171875 0.40859375 0.1140625 0.1359375
0 0.36875 0.3734375 0.084375 0.059375
0 0.359375 0.31484375 0.075 0.0640625
0 0.2671875 0.36875 0.078125 0.128125
0 0.19609375 0.54453125 0.153125 0.2046875
0 0.17578125 0.77265625 0.2109375 0.2734375
0 0.35703125 0.5734375 0.1359375 0.16875
0 0.3484375 0.44453125 0.121875 0.0828125
0 0.334375 0.7796875 0.175 0.24375