0 0.5171875 0.7640625 0.16484375 0.253125
0 0.52265625 0.55546875 0.15625 0.165625
0 0.55546875 0.45078125 0.084375 0.0453125
0 0.5609375 0.396875 0.06640625 0.06171875
0 0.46171875 0.40859375 0.1015625 0.125
0 0.36875 0.3734375 0.08203125 0.053125
0 0.359375 0.31484375 0.06953125 0.0578125
0 0.2671875 0.36875 0.075 0.125
0 0.19609375 0.54453125 0.1515625 0.2046875
0 0.17578125 0.77265625 0.2 0.2640625
0 0.35703125 0.5734375 0.134375 0.16875
0 0.3484375 0.44453125 0.12109375 0.084375
0 0.334375 0.7796875 0.165625 0.23984375