0 0.67109375 0.2265625 0.1 0.12890625
0 0.66796875 0.3625 0.103125 0.13125
0 0.54375 0.36015625 0.146875 0.13125
0 0.42421875 0.49140625 0.0953125 0.134375
0 0.5453125 0.490625 0.146875 0.13046875
0 0.6703125 0.49375 0.10390625 0.13125
0 0.4140625 0.62421875 0.096875 0.134375
0 0.703125 0.6265625 0.146875 0.1375
0 0.38984375 0.7546875 0.146875 0.12890625
0 0.43671875 0.38359375 0.0671875 0.06875
0 0.54765625 0.62421875 0.16875 0.1296875
0 0.70546875 0.7578125 0.1453125 0.12890625
0 0.5484375 0.7546875 0.165625 0.13125
0 0.53359375 0.26171875 0.065625 0.0640625