0 0.0828125 0.09921875 0.165625 0.1984375
0 0.0734375 0.3203125 0.146875 0.23125
0 0.3625 0.11640625 0.41875 0.2328125
0 0.25 0.3328125 0.20625 0.24375
0 0.44609375 0.34140625 0.20625 0.24375
0 0.08828125 0.5484375 0.1765625 0.2375
0 0.3703125 0.5578125 0.425 0.23125
0 0.64765625 0.328125 0.2234375 0.253125
0 0.0734375 0.7828125 0.146875 0.221875
0 0.24375 0.7828125 0.225 0.246875
0 0.44140625 0.7828125 0.203125 0.240625
0 0.7796875 0.11875 0.440625 0.2375
0 0.8734375 0.32109375 0.225 0.2546875
0 0.79375 0.54765625 0.4125 0.2515625
0 0.67578125 0.78515625 0.209375 0.2421875
0 0.88125 0.78984375 0.203125 0.2421875