0 0.08125 0.09765625 0.1625 0.1953125
0 0.07578125 0.3203125 0.1515625 0.2375
0 0.36328125 0.11875 0.4234375 0.2375
0 0.25 0.3328125 0.2 0.2375
0 0.44609375 0.34140625 0.221875 0.2546875
0 0.0875 0.5484375 0.175 0.234375
0 0.3703125 0.5578125 0.434375 0.253125
0 0.64765625 0.328125 0.2203125 0.25
0 0.07890625 0.78203125 0.1578125 0.2359375
0 0.24375 0.7828125 0.20625 0.234375
0 0.44140625 0.7828125 0.203125 0.240625
0 0.78203125 0.1125 0.4359375 0.225
0 0.8734375 0.32109375 0.225 0.2578125
0 0.7953125 0.54765625 0.409375 0.2421875
0 0.67578125 0.78515625 0.2140625 0.246875
0 0.88125 0.78984375 0.215625 0.2515625