0 0.08203125 0.0984375 0.1640625 0.196875
0 0.07421875 0.3203125 0.1484375 0.23125
0 0.3625 0.11953125 0.425 0.2390625
0 0.25 0.3328125 0.2 0.240625
0 0.44609375 0.34140625 0.20625 0.24375
0 0.0828125 0.5484375 0.165625 0.221875
0 0.3703125 0.5578125 0.434375 0.25
0 0.64765625 0.328125 0.2359375 0.2625
0 0.0796875 0.78203125 0.159375 0.2359375
0 0.24375 0.7828125 0.20625 0.234375
0 0.44140625 0.7828125 0.2078125 0.24375
0 0.78359375 0.1078125 0.4328125 0.215625
0 0.8734375 0.32109375 0.228125 0.2578125
0 0.79296875 0.54765625 0.4140625 0.2609375
0 0.67578125 0.78515625 0.2078125 0.240625
0 0.88125 0.78984375 0.203125 0.2421875