0 0.08203125 0.0984375 0.1640625 0.196875
0 0.07578125 0.3203125 0.1515625 0.2375
0 0.3625 0.11796875 0.421875 0.2359375
0 0.25 0.3328125 0.20625 0.24375
0 0.44609375 0.34140625 0.2109375 0.2484375
0 0.08828125 0.5484375 0.1765625 0.2375
0 0.3703125 0.5578125 0.428125 0.234375
0 0.64765625 0.328125 0.2140625 0.24375
0 0.075 0.78203125 0.15 0.2265625
0 0.24375 0.7828125 0.2 0.228125
0 0.44140625 0.7828125 0.2140625 0.246875
0 0.78359375 0.1078125 0.4328125 0.215625
0 0.8734375 0.32109375 0.225 0.2578125
0 0.7921875 0.54765625 0.415625 0.2640625
0 0.67578125 0.78515625 0.2171875 0.2484375
0 0.88125 0.78984375 0.21875 0.2546875