0 0.0796875 0.096875 0.159375 0.19375
0 0.0734375 0.32109375 0.146875 0.23125
0 0.36328125 0.1109375 0.4078125 0.221875
0 0.24921875 0.3328125 0.1921875 0.234375
0 0.4453125 0.34140625 0.1953125 0.234375
0 0.0828125 0.55 0.165625 0.21875
0 0.3703125 0.55703125 0.4171875 0.21875
0 0.64765625 0.328125 0.2125 0.24375
0 0.0734375 0.7828125 0.146875 0.2203125
0 0.24375 0.7828125 0.2 0.228125
0 0.44140625 0.7828125 0.2046875 0.2375
0 0.78515625 0.10703125 0.4296875 0.2140625
0 0.8734375 0.32109375 0.203125 0.2390625
0 0.796875 0.54765625 0.40625 0.2328125
0 0.67578125 0.78515625 0.2015625 0.2375
0 0.88046875 0.7890625 0.2 0.2375