0 0.08046875 0.09765625 0.1609375 0.1953125
0 0.0734375 0.32109375 0.146875 0.23125
0 0.36328125 0.1109375 0.40625 0.221875
0 0.25 0.3328125 0.1921875 0.2328125
0 0.44609375 0.34140625 0.196875 0.2359375
0 0.0828125 0.54921875 0.165625 0.221875
0 0.3703125 0.5578125 0.41875 0.2171875
0 0.64765625 0.328125 0.2140625 0.2453125
0 0.0734375 0.7828125 0.146875 0.221875
0 0.24375 0.7828125 0.2 0.228125
0 0.44140625 0.7828125 0.2015625 0.2390625
0 0.784375 0.10703125 0.43125 0.2140625
0 0.8734375 0.32109375 0.2046875 0.2390625
0 0.796875 0.5484375 0.40625 0.23125
0 0.67578125 0.78515625 0.2015625 0.2359375
0 0.88125 0.78984375 0.2 0.2390625