0 0.08359375 0.1 0.1671875 0.2
0 0.0734375 0.3203125 0.146875 0.23125
0 0.3625 0.115625 0.41875 0.23125
0 0.25 0.3328125 0.215625 0.253125
0 0.44609375 0.34140625 0.2203125 0.2546875
0 0.08359375 0.5484375 0.1671875 0.225
0 0.3703125 0.5578125 0.421875 0.221875
0 0.64765625 0.328125 0.2265625 0.25625
0 0.07734375 0.78203125 0.1546875 0.2296875
0 0.24375 0.7828125 0.209375 0.234375
0 0.44140625 0.7828125 0.2109375 0.246875
0 0.78046875 0.115625 0.4390625 0.23125
0 0.8734375 0.32109375 0.215625 0.2484375
0 0.79296875 0.54765625 0.4140625 0.2578125
0 0.67578125 0.78515625 0.209375 0.2421875
0 0.88125 0.78984375 0.2 0.2390625