0 0.0828125 0.09921875 0.165625 0.1984375
0 0.0796875 0.3203125 0.159375 0.24375
0 0.3625 0.1203125 0.425 0.240625
0 0.25 0.3328125 0.209375 0.246875
0 0.44609375 0.34140625 0.2171875 0.2515625
0 0.0875 0.5484375 0.175 0.234375
0 0.3703125 0.5578125 0.428125 0.234375
0 0.64765625 0.328125 0.2203125 0.25
0 0.07734375 0.78203125 0.1546875 0.2296875
0 0.24375 0.7828125 0.2125 0.240625
0 0.44140625 0.7828125 0.2140625 0.25
0 0.78046875 0.11484375 0.4390625 0.2296875
0 0.8734375 0.32109375 0.225 0.2578125
0 0.79140625 0.54765625 0.4171875 0.2765625
0 0.67578125 0.78515625 0.2140625 0.2453125
0 0.88125 0.78984375 0.2 0.2390625