0 0.06953125 0.19140625 0.1390625 0.2015625
0 0.06875 0.3875 0.1375 0.1859375
0 0.071875 0.57109375 0.14375 0.1796875
0 0.25078125 0.1765625 0.2171875 0.19375
0 0.46640625 0.1796875 0.2125 0.1875
0 0.6796875 0.18359375 0.209375 0.1875
0 0.25 0.37421875 0.215625 0.1828125
0 0.46484375 0.37578125 0.209375 0.1828125
0 0.07421875 0.5734375 0.1484375 0.18125
0 0.25078125 0.55859375 0.2109375 0.178125
0 0.69921875 0.425 0.2140625 0.1984375
0 0.4625 0.55078125 0.203125 0.178125
0 0.0734375 0.7546875 0.146875 0.184375
0 0.25390625 0.73984375 0.2109375 0.184375
0 0.45859375 0.7234375 0.2015625 0.178125
0 0.65625 0.70703125 0.1921875 0.1734375
0 0.64921875 0.846875 0.1875 0.125
0 0.84140625 0.84140625 0.1921875 0.125
0 0.84921875 0.7015625 0.1953125 0.1640625
0 0.85703125 0.53359375 0.2046875 0.1734375
0 0.8859375 0.16953125 0.2078125 0.1921875
0 0.87421875 0.353125 0.1984375 0.178125