0 0.06953125 0.19140625 0.1390625 0.2015625
0 0.06875 0.38828125 0.1375 0.1859375
0 0.071875 0.57109375 0.14375 0.1796875
0 0.2515625 0.1765625 0.21875 0.19375
0 0.46640625 0.18046875 0.2140625 0.1875
0 0.67890625 0.18359375 0.209375 0.1875
0 0.25 0.3734375 0.2171875 0.1828125
0 0.46484375 0.3765625 0.209375 0.1828125
0 0.07421875 0.57265625 0.1484375 0.1828125
0 0.2515625 0.55859375 0.2125 0.178125
0 0.69921875 0.42578125 0.2140625 0.196875
0 0.46171875 0.55078125 0.2046875 0.18125
0 0.0734375 0.75390625 0.146875 0.1859375
0 0.25390625 0.7390625 0.2125 0.1859375
0 0.4578125 0.7234375 0.2 0.178125
0 0.65625 0.70703125 0.1921875 0.1734375
0 0.64921875 0.84609375 0.1875 0.125
0 0.84140625 0.84140625 0.1921875 0.125
0 0.85 0.7015625 0.1953125 0.1640625
0 0.85703125 0.53359375 0.2046875 0.1734375
0 0.8859375 0.16953125 0.209375 0.190625
0 0.875 0.353125 0.2 0.1765625