0 0.0734375 0.190625 0.146875 0.2125
0 0.0734375 0.3875 0.146875 0.2
0 0.0765625 0.57109375 0.153125 0.1953125
0 0.2515625 0.1765625 0.221875 0.196875
0 0.46640625 0.18046875 0.2328125 0.2109375
0 0.67890625 0.18359375 0.2171875 0.1953125
0 0.25 0.3734375 0.234375 0.20625
0 0.46484375 0.3765625 0.2203125 0.196875
0 0.0765625 0.57265625 0.153125 0.1921875
0 0.2515625 0.55859375 0.215625 0.1828125
0 0.69921875 0.42578125 0.2296875 0.2109375
0 0.46171875 0.55078125 0.2078125 0.1828125
0 0.075 0.753125 0.15 0.190625
0 0.25390625 0.7390625 0.2234375 0.196875
0 0.4578125 0.7234375 0.2 0.178125
0 0.65625 0.70703125 0.203125 0.184375
0 0.64921875 0.84609375 0.1984375 0.1453125
0 0.84140625 0.84140625 0.2015625 0.1421875
0 0.85 0.7015625 0.209375 0.18125
0 0.85703125 0.53359375 0.2109375 0.1796875
0 0.8859375 0.16953125 0.2125 0.1921875
0 0.875 0.353125 0.2125 0.190625