0 0.09609375 0.32421875 0.1921875 0.4171875
0 0.31796875 0.2765625 0.2671875 0.3875
0 0.09765625 0.68671875 0.1953125 0.3875
0 0.31328125 0.59453125 0.2609375 0.375
0 0.56640625 0.22734375 0.2375 0.3484375
0 0.753125 0.19921875 0.190625 0.309375
0 0.78984375 0.52890625 0.190625 0.3140625
0 0.91015625 0.159375 0.1734375 0.2953125
0 0.54765625 0.53046875 0.2046875 0.3296875
0 0.9484375 0.575 0.103125 0.2296875
0 0.5359375 0.74453125 0.1984375 0.259375
0 0.31484375 0.81171875 0.2296875 0.2375
0 0.815625 0.8 0.1453125 0.203125