0 0.0875 0.4328125 0.175 0.175
0 0.26796875 0.4359375 0.1890625 0.171875
0 0.47109375 0.44375 0.196875 0.1875
0 0.6671875 0.4421875 0.203125 0.1875
0 0.88125 0.446875 0.221875 0.203125
0 0.06484375 0.6 0.1296875 0.171875
0 0.1875 0.6 0.1375 0.1625
0 0.321875 0.60078125 0.134375 0.1609375
0 0.45078125 0.6109375 0.1296875 0.165625
0 0.5796875 0.61171875 0.14375 0.1734375
0 0.709375 0.6078125 0.134375 0.1625
0 0.87890625 0.62890625 0.2265625 0.1921875
0 0.0796875 0.7609375 0.159375 0.159375
0 0.25 0.76171875 0.1875 0.1671875
0 0.47109375 0.7703125 0.1859375 0.165625
0 0.665625 0.77421875 0.2 0.1796875
0 0.859375 0.7921875 0.20625 0.159375