0 0.09140625 0.4328125 0.1828125 0.190625
0 0.26796875 0.4359375 0.2046875 0.190625
0 0.47109375 0.44375 0.1890625 0.18125
0 0.6671875 0.4421875 0.209375 0.19375
0 0.88125 0.446875 0.215625 0.19375
0 0.0640625 0.6 0.128125 0.16875
0 0.1875 0.6 0.15 0.171875
0 0.321875 0.60078125 0.1375 0.1640625
0 0.45078125 0.6109375 0.1359375 0.16875
0 0.5796875 0.61171875 0.1375 0.1703125
0 0.709375 0.6078125 0.1375 0.165625
0 0.87890625 0.62890625 0.2234375 0.1890625
0 0.08125 0.7609375 0.1625 0.16875
0 0.25 0.76171875 0.19375 0.1765625
0 0.47109375 0.7703125 0.1921875 0.171875
0 0.665625 0.77421875 0.203125 0.1828125
0 0.859375 0.7921875 0.20625 0.15625