0 0.08984375 0.4328125 0.1796875 0.184375
0 0.26796875 0.4359375 0.1953125 0.178125
0 0.47109375 0.44375 0.1890625 0.18125
0 0.6671875 0.4421875 0.20625 0.19375
0 0.88125 0.446875 0.2125 0.190625
0 0.06484375 0.6 0.1296875 0.171875
0 0.1875 0.6 0.15 0.171875
0 0.321875 0.60078125 0.13125 0.1609375
0 0.45078125 0.6109375 0.1390625 0.171875
0 0.5796875 0.61171875 0.13125 0.1640625
0 0.709375 0.6078125 0.146875 0.171875
0 0.87890625 0.62890625 0.2265625 0.1921875
0 0.078125 0.76171875 0.15625 0.1546875
0 0.25 0.76171875 0.184375 0.1640625
0 0.47109375 0.7703125 0.1953125 0.178125
0 0.665625 0.77421875 0.2 0.1796875
0 0.859375 0.7921875 0.20625 0.159375