0 0.0875 0.434375 0.175 0.17421875
0 0.26796875 0.43671875 0.1890625 0.1734375
0 0.47109375 0.44375 0.1875 0.178125
0 0.6671875 0.44296875 0.190625 0.1765625
0 0.88125 0.44765625 0.20625 0.184375
0 0.06171875 0.60078125 0.1234375 0.1640625
0 0.18671875 0.6 0.1328125 0.159375
0 0.321875 0.60078125 0.13046875 0.159375
0 0.45 0.61015625 0.128125 0.1640625
0 0.57890625 0.61171875 0.1296875 0.1640625
0 0.709375 0.60859375 0.128125 0.15625
0 0.87890625 0.628125 0.2078125 0.171875
0 0.078125 0.76328125 0.15625 0.1546875
0 0.25 0.7625 0.18125 0.16171875
0 0.47109375 0.7703125 0.1796875 0.16015625
0 0.665625 0.7734375 0.18671875 0.1625
0 0.85859375 0.7921875 0.2 0.14765625