0 0.0875 0.43359375 0.175 0.1734375
0 0.26796875 0.4359375 0.1890625 0.1734375
0 0.47109375 0.44375 0.1875 0.178125
0 0.6671875 0.4421875 0.190625 0.1765625
0 0.88125 0.446875 0.2078125 0.1859375
0 0.0625 0.60078125 0.125 0.165625
0 0.1875 0.6 0.1328125 0.159375
0 0.321875 0.60078125 0.1296875 0.159375
0 0.45078125 0.6109375 0.128125 0.1640625
0 0.5796875 0.61171875 0.128125 0.1640625
0 0.709375 0.6078125 0.1296875 0.15625
0 0.87890625 0.62890625 0.209375 0.1703125
0 0.078125 0.76171875 0.15625 0.1546875
0 0.25 0.76171875 0.1828125 0.1609375
0 0.47109375 0.7703125 0.18125 0.1609375
0 0.665625 0.77421875 0.1875 0.1640625
0 0.859375 0.7921875 0.2015625 0.1484375