0 0.18515625 0.209375 0.1625 0.25625
0 0.3546875 0.2109375 0.15625 0.26484375
0 0.51015625 0.2125 0.1609375 0.25625
0 0.6734375 0.2109375 0.16015625 0.259375
0 0.8328125 0.21484375 0.16484375 0.2671875
0 0.1796875 0.48984375 0.16640625 0.275
0 0.3453125 0.49453125 0.16484375 0.271875
0 0.5109375 0.47890625 0.1625 0.278125
0 0.67734375 0.48984375 0.159375 0.265625
0 0.83828125 0.48984375 0.1671875 0.28125
0 0.1796875 0.740625 0.21015625 0.23203125
0 0.3875 0.74140625 0.20078125 0.2265625
0 0.6046875 0.75390625 0.20390625 0.23125
0 0.81640625 0.746875 0.2078125 0.23125