0 0.18515625 0.209375 0.1890625 0.26875
0 0.3546875 0.21171875 0.175 0.2734375
0 0.5109375 0.21171875 0.1625 0.2578125
0 0.6734375 0.21171875 0.175 0.2671875
0 0.8328125 0.21484375 0.165625 0.2703125
0 0.18046875 0.4890625 0.18125 0.284375
0 0.3453125 0.49375 0.190625 0.2875
0 0.5109375 0.478125 0.171875 0.28125
0 0.678125 0.4890625 0.1875 0.28125
0 0.8375 0.490625 0.16875 0.28125
0 0.18046875 0.740625 0.2140625 0.234375
0 0.38828125 0.74140625 0.2234375 0.2453125
0 0.6046875 0.75390625 0.20625 0.2328125
0 0.81640625 0.74609375 0.21875 0.2390625