0 0.18515625 0.209375 0.1640625 0.2578125
0 0.3546875 0.21171875 0.15625 0.2640625
0 0.5109375 0.21171875 0.1609375 0.2578125
0 0.6734375 0.21171875 0.1609375 0.259375
0 0.8328125 0.21484375 0.1640625 0.2671875
0 0.18046875 0.4890625 0.165625 0.2765625
0 0.3453125 0.49375 0.165625 0.271875
0 0.5109375 0.478125 0.1640625 0.2765625
0 0.678125 0.4890625 0.159375 0.2671875
0 0.8375 0.490625 0.16875 0.28125
0 0.18046875 0.740625 0.2125 0.2328125
0 0.38828125 0.74140625 0.2015625 0.2265625
0 0.6046875 0.75390625 0.2078125 0.2328125
0 0.81640625 0.74609375 0.209375 0.23125