0 0.08046875 0.04609375 0.1609375 0.0921875
0 0.090625 0.17578125 0.18125 0.1984375
0 0.09765625 0.47265625 0.1953125 0.4421875
0 0.25703125 0.140625 0.1921875 0.228125
0 0.25390625 0.46015625 0.175 0.4484375
0 0.40390625 0.2453125 0.1515625 0.425
0 0.596875 0.05390625 0.2625 0.1078125
0 0.5921875 0.2765625 0.271875 0.36875
0 0.86015625 0.06640625 0.2796875 0.1328125
0 0.8640625 0.1578125 0.271875 0.109375
0 0.86015625 0.27265625 0.2796875 0.1546875
0 0.87734375 0.48359375 0.2453125 0.2984375
0 0.56015625 0.5890625 0.4265625 0.315625
0 0.13828125 0.815625 0.2765625 0.228125
0 0.52265625 0.834375 0.5109375 0.184375
0 0.9046875 0.8171875 0.190625 0.196875