0 0.08046875 0.04609375 0.1609375 0.0921875
0 0.08828125 0.17578125 0.1765625 0.1890625
0 0.09921875 0.47265625 0.1984375 0.4421875
0 0.25703125 0.140625 0.1921875 0.225
0 0.25390625 0.46015625 0.2 0.453125
0 0.40390625 0.2453125 0.1359375 0.421875
0 0.596875 0.05234375 0.259375 0.1046875
0 0.5921875 0.2765625 0.26875 0.365625
0 0.8609375 0.06015625 0.271875 0.1203125
0 0.8625 0.15703125 0.275 0.1265625
0 0.859375 0.271875 0.28125 0.1625
0 0.87578125 0.48359375 0.2484375 0.3015625
0 0.56015625 0.5890625 0.4234375 0.30625
0 0.134375 0.815625 0.26875 0.2
0 0.52265625 0.834375 0.5125 0.1875
0 0.9046875 0.81796875 0.190625 0.1984375