0 0.08125 0.04765625 0.1625 0.0953125
0 0.0890625 0.17578125 0.178125 0.1921875
0 0.1 0.47265625 0.2 0.4421875
0 0.25703125 0.140625 0.1703125 0.209375
0 0.25390625 0.46015625 0.1859375 0.4515625
0 0.40390625 0.2453125 0.15625 0.425
0 0.596875 0.0515625 0.259375 0.103125
0 0.5921875 0.2765625 0.290625 0.38125
0 0.8609375 0.06328125 0.278125 0.1265625
0 0.8625 0.15703125 0.275 0.1296875
0 0.859375 0.271875 0.28125 0.1625
0 0.87890625 0.48359375 0.2421875 0.2921875
0 0.56015625 0.5890625 0.4046875 0.275
0 0.134375 0.815625 0.26875 0.203125
0 0.52265625 0.834375 0.509375 0.171875
0 0.90625 0.8171875 0.1875 0.190625