0 0.08203125 0.04921875 0.1640625 0.0984375
0 0.08984375 0.17578125 0.1796875 0.1953125
0 0.09921875 0.47265625 0.1984375 0.4421875
0 0.25703125 0.140625 0.1859375 0.221875
0 0.25390625 0.46015625 0.1921875 0.4515625
0 0.40390625 0.2453125 0.1359375 0.421875
0 0.596875 0.0546875 0.2625 0.109375
0 0.5921875 0.2765625 0.2875 0.378125
0 0.8609375 0.06171875 0.275 0.1234375
0 0.86328125 0.15703125 0.2734375 0.1265625
0 0.8625 0.27265625 0.275 0.1390625
0 0.87578125 0.48359375 0.2484375 0.3015625
0 0.56015625 0.5890625 0.4015625 0.271875
0 0.134375 0.815625 0.26875 0.2
0 0.52265625 0.834375 0.5140625 0.190625
0 0.9078125 0.8171875 0.184375 0.184375