0 0.0796875 0.0453125 0.159375 0.090625
0 0.08671875 0.17734375 0.1734375 0.1796875
0 0.0875 0.47265625 0.175 0.4265625
0 0.2578125 0.140625 0.16875 0.209375
0 0.253125 0.46015625 0.1546875 0.4421875
0 0.403125 0.2453125 0.1140625 0.41875
0 0.59765625 0.0515625 0.2578125 0.103125
0 0.5921875 0.27734375 0.259375 0.3609375
0 0.86328125 0.0609375 0.2734375 0.121875
0 0.865625 0.1578125 0.26875 0.103125
0 0.86328125 0.27265625 0.2734375 0.1390625
0 0.8796875 0.484375 0.240625 0.290625
0 0.56015625 0.5890625 0.4 0.2703125
0 0.13359375 0.815625 0.2671875 0.196875
0 0.5234375 0.834375 0.5046875 0.1546875
0 0.91015625 0.81875 0.1796875 0.1796875