0 0.08046875 0.0453125 0.1609375 0.090625
0 0.08671875 0.1765625 0.1734375 0.18125
0 0.0875 0.4734375 0.175 0.428125
0 0.25703125 0.140625 0.1703125 0.209375
0 0.25390625 0.46015625 0.15625 0.4421875
0 0.40390625 0.2453125 0.1140625 0.41875
0 0.59765625 0.0515625 0.2578125 0.103125
0 0.5921875 0.2765625 0.259375 0.36015625
0 0.86171875 0.06015625 0.271875 0.1203125
0 0.86484375 0.1578125 0.2703125 0.103125
0 0.8625 0.27265625 0.275 0.1390625
0 0.8796875 0.484375 0.240625 0.290625
0 0.56015625 0.5890625 0.4015625 0.27109375
0 0.13359375 0.81640625 0.2671875 0.196875
0 0.52265625 0.834375 0.5046875 0.15546875
0 0.909375 0.81796875 0.18125 0.1796875