0 0.08203125 0.04921875 0.1640625 0.0984375
0 0.08828125 0.17578125 0.1765625 0.1890625
0 0.09765625 0.47265625 0.1953125 0.4421875
0 0.25703125 0.140625 0.1921875 0.225
0 0.25390625 0.46015625 0.1828125 0.45
0 0.40390625 0.2453125 0.1203125 0.41875
0 0.596875 0.05703125 0.265625 0.1140625
0 0.5921875 0.2765625 0.271875 0.36875
0 0.86015625 0.06640625 0.2796875 0.1328125
0 0.8625 0.15703125 0.275 0.1328125
0 0.859375 0.271875 0.28125 0.1625
0 0.878125 0.48359375 0.24375 0.2953125
0 0.56015625 0.5890625 0.425 0.309375
0 0.1375 0.815625 0.275 0.221875
0 0.52265625 0.834375 0.5140625 0.2
0 0.90546875 0.8171875 0.1890625 0.19375