0 0.06328125 0.1375 0.1265625 0.240625
0 0.05703125 0.39375 0.1140625 0.228125
0 0.03359375 0.67421875 0.0671875 0.2234375
0 0.27421875 0.14375 0.2640625 0.228125
0 0.25625 0.38359375 0.24921875 0.2265625
0 0.5390625 0.1453125 0.24765625 0.24140625
0 0.525 0.37890625 0.24453125 0.2265625
0 0.2296875 0.63671875 0.24765625 0.221875
0 0.49375 0.62265625 0.234375 0.225
0 0.7546875 0.61796875 0.2625 0.2296875
0 0.2015625 0.85078125 0.24609375 0.1265625
0 0.48046875 0.83671875 0.2515625 0.14375
0 0.79296875 0.13828125 0.253125 0.2296875
0 0.765625 0.384375 0.23828125 0.225
0 0.73125 0.8109375 0.2625 0.20859375