0 0.06640625 0.1375 0.1328125 0.246875
0 0.05859375 0.39140625 0.1171875 0.2328125
0 0.0390625 0.675 0.078125 0.23125
0 0.27421875 0.14453125 0.2734375 0.240625
0 0.25625 0.38359375 0.2625 0.2390625
0 0.53828125 0.1453125 0.2703125 0.265625
0 0.525 0.37890625 0.2625 0.2453125
0 0.2296875 0.63671875 0.253125 0.2265625
0 0.49375 0.62265625 0.25 0.2453125
0 0.7546875 0.61796875 0.275 0.2484375
0 0.20078125 0.85078125 0.2515625 0.1390625
0 0.48046875 0.83671875 0.2640625 0.1703125
0 0.79296875 0.13828125 0.2546875 0.2328125
0 0.765625 0.384375 0.25 0.2375
0 0.73046875 0.8109375 0.2703125 0.221875