0 0.06484375 0.13828125 0.1296875 0.2421875
0 0.0578125 0.3921875 0.115625 0.23125
0 0.040625 0.675 0.08125 0.23125
0 0.27421875 0.14453125 0.2765625 0.2453125
0 0.25625 0.38359375 0.259375 0.2359375
0 0.53828125 0.1453125 0.26875 0.2625
0 0.525 0.37890625 0.25625 0.2390625
0 0.2296875 0.63671875 0.253125 0.2265625
0 0.49375 0.62265625 0.246875 0.2421875
0 0.7546875 0.61796875 0.271875 0.2453125
0 0.20078125 0.85078125 0.2546875 0.146875
0 0.48046875 0.83671875 0.2625 0.1671875
0 0.79296875 0.13828125 0.2578125 0.2359375
0 0.765625 0.384375 0.259375 0.246875
0 0.73046875 0.8109375 0.2640625 0.2125