0 0.0640625 0.13828125 0.128125 0.240625
0 0.05625 0.3921875 0.1125 0.228125
0 0.03359375 0.67578125 0.0671875 0.2265625
0 0.27421875 0.14453125 0.2640625 0.228125
0 0.25625 0.38359375 0.25 0.225
0 0.53828125 0.1453125 0.25 0.24375
0 0.525 0.37890625 0.24453125 0.2265625
0 0.2296875 0.63671875 0.24765625 0.221875
0 0.49375 0.62265625 0.23203125 0.2265625
0 0.7546875 0.61796875 0.2625 0.23125
0 0.20078125 0.85078125 0.2453125 0.128125
0 0.48046875 0.83671875 0.25 0.1421875
0 0.79296875 0.13828125 0.253125 0.23125
0 0.765625 0.384375 0.23828125 0.22578125
0 0.73046875 0.8109375 0.2625 0.209375