0 0.68515625 0.7765625 0.153125 0.2734375
0 0.33125 0.7015625 0.090625 0.2015625
0 0.4296875 0.525 0.109375 0.2125
0 0.33125 0.51328125 0.090625 0.184375
0 0.246875 0.50859375 0.08125 0.175
0 0.24453125 0.6859375 0.0765625 0.1890625
0 0.68359375 0.54296875 0.15625 0.253125
0 0.54609375 0.53515625 0.128125 0.2203125
0 0.54296875 0.75 0.128125 0.2546875
0 0.42734375 0.72265625 0.1078125 0.2171875
0 0.61484375 0.30546875 0.1484375 0.2359375
0 0.48515625 0.32265625 0.1234375 0.196875
0 0.3765625 0.328125 0.103125 0.1953125
0 0.284375 0.33359375 0.0875 0.175
0 0.51015625 0.115625 0.1234375 0.2265625
0 0.403125 0.13203125 0.1 0.19375
0 0.309375 0.153125 0.0890625 0.190625