0 0.68515625 0.7765625 0.1796875 0.284375
0 0.33203125 0.7015625 0.1078125 0.209375
0 0.42890625 0.525 0.1203125 0.21875
0 0.33203125 0.51328125 0.0921875 0.1859375
0 0.24609375 0.50859375 0.0953125 0.1796875
0 0.24375 0.6859375 0.0875 0.19375
0 0.68359375 0.54296875 0.1828125 0.2671875
0 0.546875 0.53515625 0.1375 0.2234375
0 0.54296875 0.75 0.1484375 0.265625
0 0.4265625 0.72265625 0.125 0.2234375
0 0.6140625 0.30546875 0.153125 0.2359375
0 0.4859375 0.321875 0.1375 0.203125
0 0.3765625 0.328125 0.125 0.203125
0 0.28359375 0.334375 0.103125 0.18125
0 0.509375 0.115625 0.13125 0.228125
0 0.40390625 0.13203125 0.1140625 0.1984375
0 0.30859375 0.15234375 0.103125 0.1984375