0 0.68515625 0.7765625 0.153125 0.271875
0 0.33203125 0.7015625 0.0921875 0.20234375
0 0.42890625 0.525 0.1109375 0.21328125
0 0.33203125 0.51328125 0.0921875 0.1859375
0 0.24609375 0.50859375 0.0828125 0.1765625
0 0.24375 0.6859375 0.075 0.190625
0 0.68359375 0.54296875 0.15625 0.253125
0 0.546875 0.53515625 0.13046875 0.221875
0 0.54296875 0.75 0.128125 0.25546875
0 0.4265625 0.72265625 0.10859375 0.2171875
0 0.6140625 0.30546875 0.14765625 0.2328125
0 0.4859375 0.321875 0.125 0.196875
0 0.3765625 0.328125 0.103125 0.19453125
0 0.28359375 0.334375 0.0890625 0.17578125
0 0.509375 0.115625 0.12421875 0.22578125
0 0.40390625 0.13203125 0.0984375 0.1921875
0 0.30859375 0.15234375 0.0890625 0.1921875