0 0.68515625 0.7765625 0.1734375 0.28125
0 0.33203125 0.7015625 0.1015625 0.20625
0 0.42890625 0.525 0.1234375 0.21875
0 0.33203125 0.51328125 0.0953125 0.1859375
0 0.24609375 0.50859375 0.0828125 0.1765625
0 0.24375 0.6859375 0.0875 0.19375
0 0.68359375 0.54296875 0.1671875 0.2578125
0 0.546875 0.53515625 0.15625 0.2328125
0 0.54296875 0.75 0.1515625 0.265625
0 0.4265625 0.72265625 0.13125 0.2265625
0 0.6140625 0.30546875 0.175 0.2484375
0 0.4859375 0.321875 0.128125 0.2
0 0.3765625 0.328125 0.121875 0.203125
0 0.28359375 0.334375 0.0921875 0.178125
0 0.509375 0.115625 0.125 0.225
0 0.40390625 0.13203125 0.1140625 0.1984375
0 0.30859375 0.15234375 0.1078125 0.1984375