0 0.68515625 0.7765625 0.1796875 0.284375
0 0.33203125 0.7015625 0.1109375 0.209375
0 0.42890625 0.525 0.128125 0.221875
0 0.33203125 0.51328125 0.0921875 0.1859375
0 0.24609375 0.50859375 0.0984375 0.1828125
0 0.24375 0.6859375 0.075 0.190625
0 0.68359375 0.54296875 0.1671875 0.2578125
0 0.546875 0.53515625 0.15625 0.2328125
0 0.54296875 0.75 0.1578125 0.26875
0 0.4265625 0.72265625 0.134375 0.2265625
0 0.6140625 0.30546875 0.165625 0.2421875
0 0.4859375 0.321875 0.128125 0.196875
0 0.3765625 0.328125 0.11875 0.2
0 0.28359375 0.334375 0.0984375 0.18125
0 0.50859375 0.11640625 0.1453125 0.2328125
0 0.40390625 0.13203125 0.0984375 0.1921875
0 0.30859375 0.15234375 0.1078125 0.1984375