0 0.13046875 0.034375 0.1890625 0.06875
0 0.034375 0.2078125 0.06875 0.228125
0 0.18515625 0.1421875 0.184375 0.13984375
0 0.45625 0.1984375 0.209375 0.159375
0 0.7703125 0.4703125 0.41640625 0.30390625
0 0.734375 0.7640625 0.43671875 0.28984375
0 0.40390625 0.37265625 0.2453125 0.178125
0 0.7828125 0.22421875 0.24765625 0.190625
0 0.7515625 0.065625 0.25625 0.13125
0 0.2 0.2734375 0.175 0.128125
0 0.17421875 0.41953125 0.20625 0.15
0 0.03125 0.4453125 0.0625 0.246875
0 0.0359375 0.67890625 0.07109375 0.2234375
0 0.1953125 0.56875 0.2 0.140625
0 0.4125 0.54765625 0.23203125 0.16875
0 0.30546875 0.84609375 0.390625 0.15625