0 0.1265625 0.06875 0.125 0.10625
0 0.0328125 0.16640625 0.065625 0.096875
0 0.03359375 0.271875 0.0671875 0.1015625
0 0.1390625 0.1765625 0.1359375 0.1
0 0.4203125 0.08203125 0.4046875 0.115625
0 0.434375 0.18359375 0.403125 0.090625
0 0.1359375 0.28125 0.1328125 0.115625
0 0.2703125 0.2875 0.1296875 0.103125
0 0.40625 0.2828125 0.128125 0.1015625
0 0.53828125 0.2796875 0.128125 0.1
0 0.6734375 0.2828125 0.1359375 0.1015625
0 0.72578125 0.0921875 0.125 0.1015625
0 0.8578125 0.0890625 0.1234375 0.1015625
0 0.83125 0.1890625 0.3375 0.0890625
0 0.80390625 0.27890625 0.125 0.0953125
0 0.93359375 0.28828125 0.128125 0.1015625
0 0.034375 0.3765625 0.06875 0.0921875
0 0.13671875 0.38359375 0.1203125 0.10625
0 0.27421875 0.38671875 0.121875 0.1
0 0.4046875 0.38125 0.125 0.096875
0 0.5390625 0.38203125 0.1296875 0.0953125
0 0.67109375 0.3765625 0.125 0.1
0 0.803125 0.3796875 0.1265625 0.0984375
0 0.93125 0.39140625 0.1328125 0.1
0 0.0328125 0.47421875 0.065625 0.0921875
0 0.14453125 0.484375 0.121875 0.1046875
0 0.2796875 0.4859375 0.1265625 0.0984375
0 0.40859375 0.4796875 0.128125 0.0953125
0 0.5390625 0.48125 0.1296875 0.0921875
0 0.67109375 0.478125 0.125 0.1
0 0.80078125 0.48671875 0.1203125 0.1
0 0.93359375 0.4875 0.125 0.0984375
0 0.034375 0.58125 0.06875 0.0984375
0 0.13828125 0.58125 0.121875 0.0984375
0 0.2734375 0.58125 0.13125 0.0984375
0 0.403125 0.575 0.1171875 0.09375
0 0.5328125 0.57578125 0.1265625 0.0984375
0 0.6671875 0.58203125 0.125 0.0953125
0 0.87109375 0.57890625 0.2578125 0.09375
0 0.0375 0.6765625 0.075 0.0875
0 0.13984375 0.67890625 0.125 0.0984375
0 0.2671875 0.67734375 0.1265625 0.096875
0 0.3984375 0.67421875 0.128125 0.0984375
0 0.525 0.66875 0.11875 0.1046875
0 0.65078125 0.67421875 0.115625 0.0890625
0 0.7796875 0.675 0.11875 0.0953125
0 0.90390625 0.675 0.115625 0.0953125
0 0.03359375 0.771875 0.0671875 0.0890625
0 0.134375 0.7703125 0.121875 0.0875
0 0.40625 0.76015625 0.3921875 0.084375
0 0.8078125 0.76484375 0.3828125 0.0890625
0 0.02734375 0.8609375 0.0546875 0.0828125
0 0.12109375 0.85703125 0.1140625 0.0953125
0 0.2453125 0.8515625 0.1203125 0.084375
0 0.37109375 0.85078125 0.1203125 0.090625
0 0.496875 0.85078125 0.1203125 0.0953125
0 0.62421875 0.84921875 0.1171875 0.084375
0 0.7484375 0.85078125 0.115625 0.090625
0 0.8765625 0.8515625 0.1171875 0.0890625
0 0.96796875 0.8546875 0.0640625 0.090625