0 0.0875 0.5375 0.175 0.2625
0 0.09375 0.79453125 0.1875 0.2484375
0 0.265625 0.2828125 0.23125 0.29375
0 0.475 0.0796875 0.221875 0.159375
0 0.68515625 0.08046875 0.2140625 0.1609375
0 0.88671875 0.071875 0.2109375 0.14375
0 0.475 0.2796875 0.215625 0.2625
0 0.68125 0.28125 0.23125 0.26875
0 0.88984375 0.275 0.2203125 0.271875
0 0.27265625 0.540625 0.221875 0.275
0 0.48203125 0.5375 0.221875 0.275
0 0.6859375 0.53515625 0.215625 0.2796875
0 0.89375 0.5390625 0.2125 0.275
0 0.27421875 0.79296875 0.2078125 0.246875
0 0.4828125 0.78515625 0.2125 0.2453125
0 0.6875 0.78984375 0.215625 0.2453125
0 0.89453125 0.7875 0.2078125 0.246875