0 0.09375 0.5375 0.1875 0.275
0 0.09453125 0.79453125 0.1890625 0.2515625
0 0.265625 0.2828125 0.2125 0.284375
0 0.47421875 0.075 0.2078125 0.15
0 0.68515625 0.0796875 0.2109375 0.159375
0 0.8875 0.075 0.21875 0.15
0 0.475 0.2796875 0.21875 0.265625
0 0.68125 0.28125 0.215625 0.253125
0 0.88984375 0.27421875 0.2203125 0.2734375
0 0.27265625 0.540625 0.2203125 0.275
0 0.48203125 0.5375 0.2140625 0.26875
0 0.6859375 0.53515625 0.20625 0.271875
0 0.89453125 0.53984375 0.2078125 0.2703125
0 0.27421875 0.79296875 0.2015625 0.240625
0 0.4828125 0.78515625 0.209375 0.2453125
0 0.6875 0.78984375 0.23125 0.2578125
0 0.89453125 0.7875 0.2015625 0.24375