0 0.0921875 0.53828125 0.184375 0.2734375
0 0.0890625 0.79453125 0.178125 0.2359375
0 0.265625 0.2828125 0.225 0.290625
0 0.475 0.07890625 0.21875 0.1578125
0 0.6859375 0.0796875 0.209375 0.159375
0 0.88671875 0.0734375 0.2140625 0.146875
0 0.475 0.2796875 0.221875 0.265625
0 0.68125 0.28125 0.23125 0.26875
0 0.8921875 0.275 0.20625 0.2625
0 0.27265625 0.540625 0.2234375 0.278125
0 0.48203125 0.5375 0.2359375 0.284375
0 0.6859375 0.53515625 0.209375 0.275
0 0.890625 0.5390625 0.21875 0.284375
0 0.27421875 0.79296875 0.2078125 0.246875
0 0.4828125 0.78515625 0.225 0.2578125
0 0.6875 0.78984375 0.2375 0.2640625
0 0.89375 0.78671875 0.2125 0.2515625