0 0.08671875 0.53828125 0.1734375 0.259375
0 0.0890625 0.7953125 0.178125 0.2359375
0 0.265625 0.2828125 0.2015625 0.275
0 0.475 0.07421875 0.20625 0.1484375
0 0.6859375 0.0796875 0.209375 0.159375
0 0.8875 0.071875 0.209375 0.14375
0 0.475 0.2796875 0.2140625 0.259375
0 0.68125 0.28125 0.2046875 0.2484375
0 0.8921875 0.275 0.2046875 0.259375
0 0.27265625 0.540625 0.2046875 0.2625
0 0.48203125 0.5375 0.2046875 0.2625
0 0.6859375 0.53515625 0.2 0.2671875
0 0.89453125 0.53984375 0.2046875 0.2671875
0 0.27421875 0.79296875 0.2 0.240625
0 0.4828125 0.78515625 0.2015625 0.2390625
0 0.6875 0.78984375 0.209375 0.240625
0 0.89453125 0.7875 0.2 0.24375