0 0.08828125 0.5375 0.1765625 0.265625
0 0.09375 0.79453125 0.1875 0.2484375
0 0.265625 0.2828125 0.209375 0.28125
0 0.47421875 0.07578125 0.2109375 0.1515625
0 0.68515625 0.08359375 0.2234375 0.1671875
0 0.8875 0.07265625 0.2125 0.1453125
0 0.475 0.2796875 0.228125 0.271875
0 0.68125 0.28125 0.20625 0.246875
0 0.89140625 0.27421875 0.2171875 0.2671875
0 0.27265625 0.540625 0.2078125 0.265625
0 0.48203125 0.5375 0.2109375 0.265625
0 0.6859375 0.53515625 0.228125 0.2859375
0 0.8921875 0.5390625 0.215625 0.278125
0 0.27421875 0.79296875 0.2265625 0.2609375
0 0.4828125 0.78515625 0.225 0.2578125
0 0.6875 0.78984375 0.23125 0.2578125
0 0.890625 0.78671875 0.21875 0.2640625