0 0.08515625 0.053125 0.1703125 0.10625
0 0.265625 0.046875 0.1921875 0.09375
0 0.4546875 0.0484375 0.1828125 0.096875
0 0.62421875 0.07421875 0.1671875 0.1484375
0 0.80859375 0.06640625 0.1734375 0.1328125
0 0.078125 0.23046875 0.15625 0.2484375
0 0.2390625 0.2234375 0.1828125 0.2453125
0 0.94921875 0.07578125 0.1015625 0.1515625
0 0.92890625 0.26796875 0.1421875 0.2203125
0 0.41796875 0.23203125 0.1875 0.25
0 0.5921875 0.28125 0.1703125 0.2578125
0 0.7640625 0.2640625 0.1703125 0.2671875
0 0.0640625 0.47734375 0.128125 0.209375
0 0.21171875 0.4671875 0.18125 0.2328125
0 0.37890625 0.47734375 0.178125 0.209375
0 0.55390625 0.5265625 0.1734375 0.2328125
0 0.72578125 0.5171875 0.1734375 0.2390625
0 0.8953125 0.49765625 0.1703125 0.2453125
0 0.0421875 0.6984375 0.084375 0.2109375
0 0.1671875 0.7078125 0.1703125 0.2328125
0 0.3328125 0.71015625 0.165625 0.221875
0 0.5 0.7328125 0.165625 0.1953125
0 0.66953125 0.73046875 0.1703125 0.1953125
0 0.834375 0.7171875 0.1640625 0.2
0 0.95859375 0.70859375 0.0828125 0.2109375