0 0.0859375 0.053125 0.171875 0.10625
0 0.26640625 0.046875 0.1921875 0.09375
0 0.45390625 0.04765625 0.1828125 0.0953125
0 0.6265625 0.075 0.16875 0.15
0 0.80859375 0.065625 0.1703125 0.13125
0 0.07734375 0.2296875 0.1546875 0.246875
0 0.2390625 0.2234375 0.18125 0.2453125
0 0.94921875 0.0765625 0.1015625 0.153125
0 0.92890625 0.26796875 0.1421875 0.2234375
0 0.41796875 0.23203125 0.1859375 0.25
0 0.5921875 0.28046875 0.171875 0.25625
0 0.76484375 0.26484375 0.1703125 0.265625
0 0.06328125 0.47734375 0.1265625 0.209375
0 0.21171875 0.46796875 0.1796875 0.2328125
0 0.37890625 0.47734375 0.1765625 0.209375
0 0.55390625 0.5265625 0.1734375 0.2328125
0 0.72578125 0.51640625 0.171875 0.2375
0 0.8953125 0.49765625 0.1703125 0.2453125
0 0.04140625 0.6984375 0.0828125 0.209375
0 0.1671875 0.7078125 0.16875 0.2328125
0 0.3328125 0.71015625 0.1640625 0.2203125
0 0.50078125 0.7328125 0.165625 0.196875
0 0.66875 0.73125 0.16875 0.196875
0 0.83359375 0.71796875 0.1625 0.2
0 0.959375 0.709375 0.08125 0.2125