0 0.08515625 0.053125 0.1703125 0.10625
0 0.26484375 0.0484375 0.1953125 0.096875
0 0.45390625 0.05234375 0.1921875 0.1046875
0 0.6234375 0.078125 0.18125 0.15625
0 0.8078125 0.0703125 0.184375 0.140625
0 0.08359375 0.2296875 0.1671875 0.2625
0 0.2390625 0.2234375 0.209375 0.265625
0 0.946875 0.07734375 0.10625 0.1546875
0 0.9265625 0.2671875 0.146875 0.225
0 0.41796875 0.23203125 0.2015625 0.2609375
0 0.5921875 0.28125 0.196875 0.271875
0 0.7640625 0.2640625 0.184375 0.275
0 0.065625 0.47734375 0.13125 0.2140625
0 0.21171875 0.4671875 0.1984375 0.246875
0 0.37890625 0.47734375 0.1890625 0.21875
0 0.55390625 0.5265625 0.1765625 0.2375
0 0.72578125 0.5171875 0.1984375 0.253125
0 0.8953125 0.49765625 0.190625 0.259375
0 0.046875 0.69765625 0.09375 0.2171875
0 0.1671875 0.7078125 0.19375 0.246875
0 0.3328125 0.71015625 0.171875 0.2234375
0 0.5 0.7328125 0.178125 0.209375
0 0.66953125 0.73046875 0.1921875 0.2109375
0 0.834375 0.7171875 0.18125 0.2125
0 0.953125 0.70859375 0.09375 0.2171875