0 0.08671875 0.05625 0.1734375 0.1125
0 0.26484375 0.04765625 0.1953125 0.0953125
0 0.4546875 0.05 0.1875 0.1
0 0.62421875 0.075 0.1703125 0.15
0 0.80859375 0.06796875 0.1796875 0.1359375
0 0.08203125 0.2296875 0.1640625 0.259375
0 0.2390625 0.2234375 0.190625 0.253125
0 0.946875 0.0765625 0.10625 0.153125
0 0.92265625 0.2671875 0.1546875 0.234375
0 0.41796875 0.23203125 0.1890625 0.2515625
0 0.5921875 0.28125 0.19375 0.26875
0 0.7640625 0.2640625 0.2 0.284375
0 0.0640625 0.4765625 0.128125 0.209375
0 0.21171875 0.4671875 0.2015625 0.246875
0 0.37890625 0.47734375 0.1859375 0.2171875
0 0.55390625 0.5265625 0.18125 0.240625
0 0.72578125 0.5171875 0.1859375 0.24375
0 0.8953125 0.49765625 0.184375 0.2546875
0 0.0453125 0.69765625 0.090625 0.2171875
0 0.1671875 0.7078125 0.184375 0.24375
0 0.3328125 0.71015625 0.171875 0.2265625
0 0.5 0.7328125 0.16875 0.2
0 0.66953125 0.73046875 0.1703125 0.19375
0 0.834375 0.7171875 0.18125 0.2125
0 0.9578125 0.70859375 0.084375 0.2109375