0 0.08671875 0.05625 0.1734375 0.1125
0 0.26484375 0.0515625 0.2015625 0.103125
0 0.45390625 0.05078125 0.1890625 0.1015625
0 0.6234375 0.07421875 0.16875 0.1484375
0 0.80859375 0.0671875 0.1765625 0.134375
0 0.0796875 0.2296875 0.159375 0.253125
0 0.2390625 0.2234375 0.2 0.25625
0 0.94453125 0.078125 0.1109375 0.15625
0 0.92421875 0.2671875 0.1515625 0.23125
0 0.41796875 0.23203125 0.2109375 0.2671875
0 0.5921875 0.28125 0.18125 0.2625
0 0.7640625 0.2640625 0.184375 0.275
0 0.06640625 0.4765625 0.1328125 0.215625
0 0.21171875 0.4671875 0.20625 0.253125
0 0.37890625 0.47734375 0.1953125 0.2234375
0 0.55390625 0.5265625 0.1984375 0.253125
0 0.72578125 0.5171875 0.1984375 0.253125
0 0.8953125 0.49765625 0.184375 0.253125
0 0.046875 0.69765625 0.09375 0.2171875
0 0.1671875 0.7078125 0.190625 0.246875
0 0.3328125 0.71015625 0.171875 0.2234375
0 0.5 0.7328125 0.16875 0.2
0 0.66953125 0.73046875 0.190625 0.2109375
0 0.834375 0.7171875 0.178125 0.2125
0 0.95234375 0.70859375 0.0953125 0.2171875