0 0.08671875 0.05625 0.1734375 0.1125
0 0.26484375 0.05078125 0.2015625 0.1015625
0 0.45390625 0.04921875 0.1859375 0.0984375
0 0.6234375 0.07421875 0.16875 0.1484375
0 0.8078125 0.06875 0.18125 0.1375
0 0.08125 0.2296875 0.1625 0.25625
0 0.2390625 0.2234375 0.2125 0.265625
0 0.9484375 0.07578125 0.103125 0.1515625
0 0.9265625 0.2671875 0.146875 0.225
0 0.41796875 0.23203125 0.209375 0.2640625
0 0.5921875 0.28125 0.18125 0.2625
0 0.7640625 0.2640625 0.175 0.271875
0 0.06875 0.4765625 0.1375 0.221875
0 0.21171875 0.4671875 0.1859375 0.2375
0 0.37890625 0.47734375 0.1953125 0.2234375
0 0.55390625 0.5265625 0.1890625 0.24375
0 0.72578125 0.5171875 0.190625 0.25
0 0.8953125 0.49765625 0.190625 0.2578125
0 0.04296875 0.69765625 0.0859375 0.2140625
0 0.1671875 0.7078125 0.190625 0.246875
0 0.3328125 0.71015625 0.184375 0.2359375
0 0.5 0.7328125 0.184375 0.2125
0 0.66953125 0.73046875 0.1859375 0.2078125
0 0.834375 0.7171875 0.184375 0.215625
0 0.95625 0.70859375 0.0875 0.2140625