0 0.08515625 0.053125 0.1703125 0.10625
0 0.26484375 0.05078125 0.2015625 0.1015625
0 0.45390625 0.05 0.1890625 0.1
0 0.62421875 0.075 0.1703125 0.15
0 0.80859375 0.06796875 0.1796875 0.1359375
0 0.07890625 0.2296875 0.1578125 0.25
0 0.2390625 0.2234375 0.209375 0.2625
0 0.9484375 0.07578125 0.103125 0.1515625
0 0.928125 0.2671875 0.14375 0.221875
0 0.41796875 0.23203125 0.2046875 0.2609375
0 0.5921875 0.28125 0.196875 0.271875
0 0.7640625 0.2640625 0.190625 0.278125
0 0.0640625 0.47734375 0.128125 0.2109375
0 0.21171875 0.4671875 0.1859375 0.2375
0 0.37890625 0.47734375 0.1796875 0.2109375
0 0.55390625 0.5265625 0.196875 0.25
0 0.72578125 0.5171875 0.1859375 0.24375
0 0.8953125 0.49765625 0.178125 0.2484375
0 0.04453125 0.69765625 0.0890625 0.2140625
0 0.1671875 0.7078125 0.190625 0.246875
0 0.3328125 0.71015625 0.178125 0.2296875
0 0.5 0.7328125 0.184375 0.2125
0 0.66953125 0.73046875 0.1828125 0.2046875
0 0.834375 0.7171875 0.178125 0.2125
0 0.953125 0.70859375 0.09375 0.2171875