0 0.05625 0.07890625 0.1125 0.1578125
0 0.20546875 0.0796875 0.1765625 0.159375
0 0.05546875 0.265625 0.1109375 0.21796875
0 0.04296875 0.490625 0.0859375 0.2125
0 0.04453125 0.7125 0.0890625 0.22421875
0 0.2046875 0.27265625 0.17734375 0.23125
0 0.2015625 0.49609375 0.17734375 0.221875
0 0.3890625 0.08671875 0.18125 0.1734375
0 0.3859375 0.27265625 0.17734375 0.221875
0 0.38203125 0.4953125 0.1703125 0.21640625
0 0.584375 0.0796875 0.18203125 0.159375
0 0.80078125 0.0796875 0.1875 0.159375
0 0.57421875 0.27265625 0.1875 0.221875
0 0.775 0.2796875 0.184375 0.22734375
0 0.94921875 0.084375 0.1015625 0.16875
0 0.94296875 0.2796875 0.1140625 0.21875
0 0.9328125 0.5109375 0.134375 0.21875
0 0.76171875 0.50390625 0.1875 0.2265625
0 0.56640625 0.49609375 0.18125 0.221875
0 0.18984375 0.71171875 0.1765625 0.228125
0 0.365625 0.71640625 0.16953125 0.221875
0 0.5625 0.72265625 0.178125 0.2265625
0 0.75 0.73203125 0.1875 0.2359375
0 0.9234375 0.73828125 0.146875 0.221875