0 0.05703125 0.0796875 0.1140625 0.159375
0 0.2046875 0.0828125 0.1875 0.165625
0 0.05859375 0.26484375 0.1171875 0.2234375
0 0.04296875 0.490625 0.0859375 0.2125
0 0.05 0.71171875 0.1 0.2296875
0 0.2046875 0.27265625 0.2 0.2453125
0 0.2015625 0.49609375 0.178125 0.2234375
0 0.38828125 0.090625 0.1953125 0.18125
0 0.3859375 0.27265625 0.178125 0.2234375
0 0.38203125 0.4953125 0.1765625 0.21875
0 0.58359375 0.08046875 0.1859375 0.1609375
0 0.8 0.0796875 0.190625 0.159375
0 0.57421875 0.27265625 0.1953125 0.2265625
0 0.775 0.2796875 0.2 0.2375
0 0.946875 0.08515625 0.10625 0.1703125
0 0.93828125 0.27890625 0.1234375 0.2265625
0 0.93125 0.5109375 0.1375 0.221875
0 0.76171875 0.50390625 0.2109375 0.2453125
0 0.56640625 0.49609375 0.2015625 0.2359375
0 0.18984375 0.71171875 0.1875 0.2390625
0 0.365625 0.71640625 0.1875 0.2328125
0 0.5625 0.72265625 0.196875 0.2390625
0 0.75 0.73203125 0.19375 0.2421875
0 0.9203125 0.7375 0.159375 0.23125