0 0.0578125 0.08046875 0.115625 0.1609375
0 0.2046875 0.08203125 0.1875 0.1640625
0 0.06015625 0.26484375 0.1203125 0.2234375
0 0.0484375 0.490625 0.096875 0.21875
0 0.04453125 0.7125 0.0890625 0.225
0 0.2046875 0.27265625 0.1875 0.2390625
0 0.2015625 0.49609375 0.175 0.2203125
0 0.38828125 0.08671875 0.1828125 0.1734375
0 0.3859375 0.27265625 0.18125 0.2234375
0 0.38203125 0.4953125 0.1859375 0.228125
0 0.58359375 0.08125 0.1890625 0.1625
0 0.8 0.0796875 0.190625 0.159375
0 0.57421875 0.27265625 0.1953125 0.2265625
0 0.775 0.2796875 0.209375 0.24375
0 0.94765625 0.084375 0.1046875 0.16875
0 0.940625 0.2796875 0.11875 0.221875
0 0.92890625 0.51015625 0.1421875 0.2265625
0 0.76171875 0.50390625 0.190625 0.2296875
0 0.56640625 0.49609375 0.2046875 0.2390625
0 0.18984375 0.71171875 0.1859375 0.2359375
0 0.365625 0.71640625 0.19375 0.2359375
0 0.5625 0.72265625 0.178125 0.2265625
0 0.75 0.73203125 0.2125 0.2546875
0 0.9234375 0.73828125 0.15 0.2234375