0 0.059375 0.08046875 0.11875 0.1609375
0 0.2046875 0.08203125 0.1875 0.1640625
0 0.059375 0.26484375 0.11875 0.2234375
0 0.04453125 0.490625 0.0890625 0.215625
0 0.04921875 0.71171875 0.0984375 0.2296875
0 0.2046875 0.27265625 0.184375 0.2359375
0 0.2015625 0.49609375 0.19375 0.2359375
0 0.38828125 0.08671875 0.1828125 0.1734375
0 0.3859375 0.27265625 0.178125 0.2203125
0 0.38203125 0.4953125 0.1953125 0.234375
0 0.58359375 0.0796875 0.1828125 0.159375
0 0.80078125 0.08046875 0.1921875 0.1609375
0 0.57421875 0.27265625 0.2109375 0.2390625
0 0.775 0.2796875 0.184375 0.225
0 0.94609375 0.08515625 0.1078125 0.1703125
0 0.93984375 0.27890625 0.1203125 0.2234375
0 0.93046875 0.51015625 0.1390625 0.2234375
0 0.76171875 0.50390625 0.1984375 0.2359375
0 0.56640625 0.49609375 0.1859375 0.2265625
0 0.18984375 0.71171875 0.1921875 0.240625
0 0.365625 0.71640625 0.19375 0.2390625
0 0.5625 0.72265625 0.184375 0.2296875
0 0.75 0.73203125 0.1875 0.2375
0 0.9234375 0.73828125 0.15 0.2234375