0 0.05703125 0.0796875 0.1140625 0.159375
0 0.20625 0.0796875 0.175 0.159375
0 0.0546875 0.26484375 0.109375 0.2171875
0 0.04296875 0.490625 0.0859375 0.2125
0 0.0453125 0.7140625 0.090625 0.2234375
0 0.2046875 0.2734375 0.175 0.2296875
0 0.2015625 0.496875 0.1765625 0.221875
0 0.38984375 0.08671875 0.1796875 0.1734375
0 0.3859375 0.2734375 0.178125 0.221875
0 0.3828125 0.49453125 0.171875 0.215625
0 0.58515625 0.0796875 0.184375 0.159375
0 0.80078125 0.0796875 0.1890625 0.159375
0 0.57421875 0.2734375 0.1875 0.221875
0 0.77578125 0.2796875 0.184375 0.2265625
0 0.95 0.084375 0.1 0.16875
0 0.94296875 0.27890625 0.1140625 0.2171875
0 0.93359375 0.51171875 0.1328125 0.21875
0 0.76171875 0.503125 0.1875 0.2265625
0 0.56640625 0.496875 0.1796875 0.221875
0 0.1890625 0.71171875 0.1765625 0.228125
0 0.365625 0.71640625 0.1703125 0.2203125
0 0.5625 0.72265625 0.1765625 0.225
0 0.75 0.73203125 0.1875 0.234375
0 0.9234375 0.73828125 0.146875 0.221875