0 0.0578125 0.08046875 0.115625 0.1609375
0 0.2046875 0.0828125 0.1875 0.165625
0 0.05859375 0.26484375 0.1171875 0.2203125
0 0.04296875 0.490625 0.0859375 0.2125
0 0.0453125 0.71171875 0.090625 0.2265625
0 0.2046875 0.27265625 0.196875 0.2453125
0 0.2015625 0.49609375 0.19375 0.2359375
0 0.38828125 0.08828125 0.1890625 0.1765625
0 0.3859375 0.27265625 0.196875 0.2359375
0 0.38203125 0.4953125 0.1921875 0.23125
0 0.58359375 0.08359375 0.1953125 0.1671875
0 0.8 0.08203125 0.196875 0.1640625
0 0.57421875 0.27265625 0.209375 0.2390625
0 0.775 0.2796875 0.209375 0.24375
0 0.9453125 0.0859375 0.109375 0.171875
0 0.94140625 0.27890625 0.1171875 0.2203125
0 0.92578125 0.51015625 0.1484375 0.2328125
0 0.76171875 0.50390625 0.1890625 0.2265625
0 0.56640625 0.49609375 0.2046875 0.2390625
0 0.18984375 0.71171875 0.1921875 0.2421875
0 0.365625 0.71640625 0.1875 0.2328125
0 0.5625 0.72265625 0.196875 0.2421875
0 0.75 0.73203125 0.19375 0.240625
0 0.91953125 0.7375 0.1609375 0.234375