0 0.06015625 0.08125 0.1203125 0.1625
0 0.2046875 0.08359375 0.190625 0.1671875
0 0.05625 0.26484375 0.1125 0.2171875
0 0.04375 0.48984375 0.0875 0.2140625
0 0.04765625 0.71171875 0.0953125 0.2296875
0 0.2046875 0.27265625 0.184375 0.2328125
0 0.2015625 0.49609375 0.2 0.2390625
0 0.38828125 0.0890625 0.1921875 0.178125
0 0.3859375 0.27265625 0.196875 0.2359375
0 0.38203125 0.4953125 0.1921875 0.23125
0 0.58359375 0.08203125 0.1890625 0.1640625
0 0.8 0.084375 0.203125 0.16875
0 0.57421875 0.27265625 0.203125 0.2328125
0 0.775 0.2796875 0.184375 0.225
0 0.94453125 0.0859375 0.1109375 0.171875
0 0.93984375 0.27890625 0.1203125 0.2234375
0 0.92734375 0.51015625 0.1453125 0.2296875
0 0.76171875 0.50390625 0.1953125 0.2328125
0 0.56640625 0.49609375 0.1953125 0.2328125
0 0.18984375 0.71171875 0.1953125 0.24375
0 0.365625 0.71640625 0.178125 0.2234375
0 0.5625 0.72265625 0.2 0.2421875
0 0.75 0.73203125 0.203125 0.2484375
0 0.9203125 0.7375 0.159375 0.23125