0 0.14609375 0.1421875 0.2234375 0.284375
0 0.340625 0.14609375 0.225 0.2921875
0 0.53515625 0.1328125 0.2109375 0.265625
0 0.72734375 0.13359375 0.2140625 0.2671875
0 0.91484375 0.12734375 0.1703125 0.2546875
0 0.16328125 0.4125 0.2203125 0.2875
0 0.3703125 0.39296875 0.203125 0.2609375
0 0.5609375 0.39921875 0.215625 0.2859375
0 0.75 0.396875 0.19375 0.278125
0 0.92265625 0.38984375 0.1546875 0.2765625
0 0.16796875 0.67578125 0.1921875 0.2765625
0 0.0390625 0.67734375 0.078125 0.2640625
0 0.02421875 0.1359375 0.0484375 0.271875
0 0.03515625 0.4078125 0.0703125 0.271875
0 0.365625 0.66484375 0.203125 0.278125
0 0.56484375 0.66796875 0.1921875 0.2890625
0 0.7515625 0.665625 0.209375 0.2875
0 0.925 0.64921875 0.15 0.2734375
0 0.19921875 0.85546875 0.1859375 0.1171875
0 0.38203125 0.85546875 0.1890625 0.11875
0 0.58046875 0.8578125 0.1890625 0.115625
0 0.76171875 0.8484375 0.190625 0.1125
0 0.92421875 0.84609375 0.1515625 0.1421875
0 0.05390625 0.85625 0.1078125 0.1125