0 0.14609375 0.140625 0.2109375 0.28125
0 0.34140625 0.14375 0.2078125 0.2875
0 0.53515625 0.134375 0.2171875 0.26875
0 0.72734375 0.134375 0.2171875 0.26875
0 0.91640625 0.1265625 0.1671875 0.253125
0 0.16328125 0.4125 0.2109375 0.28125
0 0.3703125 0.39296875 0.21875 0.2734375
0 0.5609375 0.39921875 0.2 0.2765625
0 0.75 0.396875 0.184375 0.271875
0 0.92109375 0.390625 0.1578125 0.278125
0 0.16796875 0.67578125 0.1984375 0.2796875
0 0.0390625 0.67734375 0.078125 0.2640625
0 0.025 0.1359375 0.05 0.271875
0 0.03515625 0.4078125 0.0703125 0.271875
0 0.365625 0.66484375 0.221875 0.2890625
0 0.56484375 0.66796875 0.1921875 0.2890625
0 0.7515625 0.665625 0.190625 0.271875
0 0.92265625 0.6484375 0.1546875 0.278125
0 0.19921875 0.85546875 0.1828125 0.1140625
0 0.38203125 0.85546875 0.19375 0.1265625
0 0.58046875 0.8578125 0.1953125 0.128125
0 0.76171875 0.8484375 0.19375 0.11875
0 0.925 0.84609375 0.15 0.1359375
0 0.05390625 0.85625 0.1078125 0.109375