0 0.14609375 0.140625 0.2109375 0.28125
0 0.34140625 0.14375 0.2078125 0.2875
0 0.53515625 0.13046875 0.1953125 0.2609375
0 0.72734375 0.134375 0.2171875 0.26875
0 0.91640625 0.1265625 0.1671875 0.253125
0 0.16328125 0.4125 0.2203125 0.2875
0 0.3703125 0.39296875 0.221875 0.2734375
0 0.5609375 0.39921875 0.20625 0.2796875
0 0.75 0.396875 0.20625 0.284375
0 0.925 0.38984375 0.15 0.2703125
0 0.16796875 0.67578125 0.1859375 0.2734375
0 0.03984375 0.67734375 0.0796875 0.2640625
0 0.02890625 0.1359375 0.0578125 0.271875
0 0.03671875 0.4078125 0.0734375 0.271875
0 0.365625 0.66484375 0.209375 0.2828125
0 0.56484375 0.66796875 0.2046875 0.2953125
0 0.7515625 0.665625 0.196875 0.278125
0 0.925 0.6484375 0.15 0.271875
0 0.19921875 0.85546875 0.1828125 0.1140625
0 0.38203125 0.85546875 0.1890625 0.115625
0 0.58046875 0.8578125 0.1875 0.109375
0 0.76171875 0.8484375 0.1984375 0.128125
0 0.9234375 0.8453125 0.153125 0.14375
0 0.053125 0.85625 0.10625 0.10625