0 0.14609375 0.14140625 0.2171875 0.2828125
0 0.340625 0.14296875 0.2 0.2859375
0 0.53515625 0.13125 0.1984375 0.2625
0 0.72734375 0.1328125 0.2078125 0.265625
0 0.91640625 0.1265625 0.1671875 0.253125
0 0.16328125 0.4125 0.1984375 0.271875
0 0.3703125 0.39296875 0.209375 0.2671875
0 0.5609375 0.39921875 0.215625 0.2859375
0 0.75 0.396875 0.19375 0.278125
0 0.91875 0.390625 0.1625 0.28125
0 0.16796875 0.67578125 0.2015625 0.2828125
0 0.03828125 0.67734375 0.0765625 0.2640625
0 0.0265625 0.1359375 0.053125 0.271875
0 0.03125 0.4078125 0.0625 0.26875
0 0.365625 0.66484375 0.225 0.290625
0 0.56484375 0.66796875 0.1859375 0.2859375
0 0.7515625 0.665625 0.2125 0.2875
0 0.92265625 0.64921875 0.1546875 0.2765625
0 0.19921875 0.85546875 0.1890625 0.1265625
0 0.38203125 0.85546875 0.1921875 0.1203125
0 0.58046875 0.8578125 0.190625 0.115625
0 0.76171875 0.8484375 0.1984375 0.13125
0 0.92578125 0.8453125 0.1484375 0.134375
0 0.053125 0.85703125 0.1 0.1015625