0 0.14609375 0.13828125 0.1953125 0.275
0 0.34140625 0.14140625 0.1953125 0.2828125
0 0.5359375 0.1296875 0.190625 0.259375
0 0.7296875 0.13125 0.196875 0.2625
0 0.9203125 0.125 0.159375 0.25
0 0.16328125 0.41171875 0.190625 0.265625
0 0.3703125 0.39296875 0.196875 0.2578125
0 0.56171875 0.39921875 0.1875 0.271875
0 0.75078125 0.39609375 0.18125 0.2703125
0 0.92734375 0.39140625 0.1453125 0.2671875
0 0.16796875 0.67578125 0.1859375 0.26875
0 0.03671875 0.678125 0.0734375 0.2625
0 0.02421875 0.13671875 0.0484375 0.271875
0 0.03203125 0.41015625 0.0625 0.26875
0 0.365625 0.66484375 0.1953125 0.271875
0 0.56484375 0.66796875 0.18125 0.284375
0 0.7515625 0.66640625 0.1828125 0.26875
0 0.9296875 0.6484375 0.140625 0.2640625
0 0.19921875 0.85625 0.178125 0.1046875
0 0.3828125 0.85546875 0.1859375 0.109375
0 0.58125 0.85859375 0.1875 0.109375
0 0.76171875 0.84921875 0.1921875 0.109375
0 0.928125 0.84609375 0.14375 0.128125
0 0.05234375 0.85625 0.1 0.1