0 0.14609375 0.1421875 0.2234375 0.284375
0 0.340625 0.1453125 0.215625 0.290625
0 0.53515625 0.13203125 0.2078125 0.2640625
0 0.72734375 0.13359375 0.2140625 0.2671875
0 0.915625 0.1265625 0.16875 0.253125
0 0.16328125 0.4125 0.2046875 0.278125
0 0.3703125 0.39296875 0.221875 0.2734375
0 0.5609375 0.39921875 0.2 0.2765625
0 0.75 0.396875 0.20625 0.284375
0 0.92109375 0.38984375 0.1578125 0.2765625
0 0.16796875 0.67578125 0.1859375 0.2734375
0 0.04296875 0.67734375 0.0859375 0.2671875
0 0.02578125 0.1359375 0.0515625 0.271875
0 0.0328125 0.4078125 0.065625 0.271875
0 0.365625 0.66484375 0.19375 0.271875
0 0.56484375 0.66796875 0.2140625 0.3015625
0 0.7515625 0.665625 0.184375 0.271875
0 0.92578125 0.6484375 0.1484375 0.271875
0 0.19921875 0.85546875 0.1796875 0.1078125
0 0.38203125 0.85546875 0.1875 0.1140625
0 0.58046875 0.8578125 0.1921875 0.11875
0 0.76171875 0.8484375 0.1953125 0.121875
0 0.92421875 0.84609375 0.1515625 0.1390625
0 0.053125 0.85625 0.10625 0.109375