0 0.146875 0.13828125 0.1953125 0.2765625
0 0.34140625 0.1421875 0.19375 0.28125
0 0.5359375 0.1296875 0.190625 0.259375
0 0.728125 0.13125 0.196875 0.2625
0 0.91953125 0.125 0.1609375 0.25
0 0.16328125 0.4125 0.190625 0.2671875
0 0.3703125 0.39296875 0.196875 0.2578125
0 0.5609375 0.39921875 0.190625 0.2703125
0 0.75 0.396875 0.1828125 0.2703125
0 0.9265625 0.390625 0.146875 0.2671875
0 0.16796875 0.67578125 0.1859375 0.2703125
0 0.0359375 0.678125 0.071875 0.2625
0 0.02421875 0.1359375 0.0484375 0.271875
0 0.03125 0.40859375 0.0625 0.2703125
0 0.365625 0.66484375 0.1953125 0.271875
0 0.56484375 0.66796875 0.1828125 0.284375
0 0.7515625 0.665625 0.1828125 0.2703125
0 0.93046875 0.64921875 0.1390625 0.2640625
0 0.19921875 0.85546875 0.178125 0.10625
0 0.38203125 0.85546875 0.1859375 0.1109375
0 0.58046875 0.8578125 0.1875 0.1109375
0 0.76171875 0.8484375 0.190625 0.1078125
0 0.92734375 0.8453125 0.1453125 0.128125
0 0.053125 0.85703125 0.1015625 0.1015625