0 0.12578125 0.07734375 0.2171875 0.1546875
0 0.3390625 0.0734375 0.2125 0.146875
0 0.546875 0.07578125 0.2125 0.1515625
0 0.76328125 0.0765625 0.2203125 0.153125
0 0.934375 0.07421875 0.13125 0.1484375
0 0.134375 0.24296875 0.215625 0.1890625
0 0.35703125 0.2390625 0.2171875 0.184375
0 0.78125 0.23828125 0.21875 0.1921875
0 0.9390625 0.2359375 0.121875 0.1875
0 0.56640625 0.23671875 0.2265625 0.1953125
0 0.53828125 0.484375 0.2296875 0.190625
0 0.76171875 0.4828125 0.2171875 0.18125
0 0.940625 0.4828125 0.11875 0.184375
0 0.10390625 0.6734375 0.2078125 0.1875
0 0.32109375 0.671875 0.2328125 0.1875
0 0.5484375 0.66953125 0.23125 0.2078125
0 0.77265625 0.6703125 0.2296875 0.2
0 0.93828125 0.66953125 0.1234375 0.1828125
0 0.10625 0.84140625 0.2125 0.1640625
0 0.32421875 0.84140625 0.2390625 0.1875
0 0.5453125 0.83984375 0.225 0.1609375
0 0.76796875 0.84140625 0.2390625 0.1796875
0 0.934375 0.83828125 0.13125 0.1734375
0 0.1421875 0.41484375 0.21875 0.1859375
0 0.3421875 0.4109375 0.190625 0.190625