0 0.125 0.0765625 0.215625 0.153125
0 0.3390625 0.078125 0.221875 0.15625
0 0.546875 0.07578125 0.2125 0.1515625
0 0.7640625 0.07890625 0.225 0.1578125
0 0.9328125 0.075 0.134375 0.15
0 0.134375 0.24296875 0.228125 0.2015625
0 0.35703125 0.2390625 0.2203125 0.1875
0 0.78125 0.23828125 0.221875 0.1984375
0 0.93828125 0.2359375 0.1234375 0.190625
0 0.56640625 0.23671875 0.2234375 0.1890625
0 0.53828125 0.484375 0.2390625 0.20625
0 0.76171875 0.4828125 0.2296875 0.19375
0 0.93828125 0.48359375 0.1234375 0.1890625
0 0.10390625 0.67421875 0.2078125 0.1859375
0 0.32109375 0.671875 0.2421875 0.203125
0 0.5484375 0.66953125 0.234375 0.2109375
0 0.77265625 0.6703125 0.2453125 0.221875
0 0.93828125 0.66953125 0.1234375 0.1828125
0 0.1078125 0.8421875 0.215625 0.175
0 0.32421875 0.84140625 0.2296875 0.1765625
0 0.5453125 0.83984375 0.23125 0.1703125
0 0.76796875 0.84140625 0.2421875 0.1890625
0 0.93671875 0.8375 0.1265625 0.165625
0 0.1421875 0.41484375 0.21875 0.1859375
0 0.3421875 0.4109375 0.184375 0.18125