0 0.12578125 0.0796875 0.2234375 0.159375
0 0.3390625 0.07578125 0.21875 0.1515625
0 0.546875 0.07890625 0.221875 0.1578125
0 0.76328125 0.0796875 0.2265625 0.159375
0 0.93359375 0.075 0.1328125 0.15
0 0.134375 0.24296875 0.2125 0.1828125
0 0.35703125 0.2390625 0.2078125 0.175
0 0.78125 0.23828125 0.221875 0.1984375
0 0.9421875 0.23671875 0.115625 0.1796875
0 0.56640625 0.23671875 0.2109375 0.1765625
0 0.53828125 0.484375 0.2359375 0.196875
0 0.76171875 0.4828125 0.234375 0.2
0 0.9390625 0.4828125 0.121875 0.1875
0 0.10703125 0.67421875 0.2140625 0.2015625
0 0.32109375 0.671875 0.2328125 0.1875
0 0.5484375 0.66953125 0.225 0.2015625
0 0.77265625 0.6703125 0.2328125 0.203125
0 0.9375 0.66953125 0.125 0.1859375
0 0.1046875 0.84140625 0.209375 0.1546875
0 0.32421875 0.84140625 0.2359375 0.1859375
0 0.5453125 0.83984375 0.234375 0.1765625
0 0.76796875 0.84140625 0.2390625 0.1828125
0 0.93828125 0.83828125 0.1234375 0.1640625
0 0.1421875 0.41484375 0.221875 0.19375
0 0.3421875 0.4109375 0.190625 0.1875