0 0.125 0.0765625 0.215625 0.153125
0 0.3390625 0.075 0.215625 0.15
0 0.546875 0.07421875 0.209375 0.1484375
0 0.76328125 0.078125 0.2234375 0.15625
0 0.93359375 0.075 0.1328125 0.15
0 0.134375 0.24296875 0.228125 0.2015625
0 0.35703125 0.2390625 0.2234375 0.190625
0 0.78125 0.23828125 0.20625 0.1796875
0 0.940625 0.2359375 0.11875 0.18125
0 0.56640625 0.23671875 0.209375 0.1734375
0 0.53828125 0.484375 0.2234375 0.18125
0 0.76171875 0.4828125 0.2265625 0.1875
0 0.94140625 0.4828125 0.1171875 0.18125
0 0.10546875 0.6734375 0.2109375 0.196875
0 0.32109375 0.671875 0.2421875 0.20625
0 0.5484375 0.66953125 0.221875 0.1953125
0 0.77265625 0.6703125 0.2390625 0.2125
0 0.9390625 0.66953125 0.121875 0.1828125
0 0.1078125 0.8421875 0.215625 0.175
0 0.32421875 0.84140625 0.2328125 0.1796875
0 0.5453125 0.83984375 0.234375 0.1765625
0 0.76796875 0.84140625 0.2390625 0.1828125
0 0.9359375 0.8375 0.128125 0.16875
0 0.1421875 0.41484375 0.21875 0.1890625
0 0.3421875 0.4109375 0.18125 0.178125