0 0.1265625 0.0765625 0.2140625 0.153125
0 0.33984375 0.0734375 0.2125 0.146875
0 0.54765625 0.07421875 0.2078125 0.1484375
0 0.76484375 0.07421875 0.2125 0.1484375
0 0.9359375 0.07265625 0.128125 0.1453125
0 0.134375 0.24296875 0.209375 0.18125
0 0.35625 0.2390625 0.2078125 0.171875
0 0.78046875 0.2375 0.209375 0.178125
0 0.9421875 0.23671875 0.115625 0.18125
0 0.56640625 0.23671875 0.209375 0.171875
0 0.53828125 0.48359375 0.21875 0.18125
0 0.7625 0.4828125 0.21875 0.178125
0 0.94375 0.48515625 0.1125 0.1796875
0 0.10390625 0.67421875 0.2078125 0.1828125
0 0.32109375 0.671875 0.225 0.1828125
0 0.54765625 0.66953125 0.21875 0.1921875
0 0.77265625 0.67109375 0.225 0.19375
0 0.940625 0.67109375 0.1140625 0.1796875
0 0.1046875 0.84296875 0.209375 0.1515625
0 0.325 0.8421875 0.221875 0.1609375
0 0.54609375 0.83984375 0.221875 0.1578125
0 0.7671875 0.8421875 0.225 0.1609375
0 0.9390625 0.83828125 0.121875 0.1640625
0 0.1421875 0.41484375 0.2078125 0.171875
0 0.3421875 0.4109375 0.1765625 0.171875