0 0.12578125 0.0765625 0.2140625 0.153125
0 0.33984375 0.0734375 0.2125 0.146875
0 0.54765625 0.07421875 0.2078125 0.1484375
0 0.76328125 0.07421875 0.2140625 0.1484375
0 0.9359375 0.0734375 0.128125 0.146875
0 0.134375 0.24296875 0.209375 0.18125
0 0.35703125 0.2390625 0.2078125 0.1734375
0 0.78125 0.23828125 0.209375 0.18125
0 0.9421875 0.23671875 0.115625 0.18125
0 0.56640625 0.23671875 0.209375 0.1734375
0 0.53828125 0.484375 0.221875 0.18125
0 0.76171875 0.4828125 0.21875 0.18125
0 0.94296875 0.48359375 0.1140625 0.1796875
0 0.103125 0.67421875 0.20625 0.1828125
0 0.32109375 0.671875 0.2265625 0.1828125
0 0.5484375 0.66953125 0.2171875 0.190625
0 0.77265625 0.6703125 0.2265625 0.1953125
0 0.93984375 0.6703125 0.115625 0.18125
0 0.1046875 0.8421875 0.209375 0.1515625
0 0.32421875 0.84140625 0.221875 0.1609375
0 0.5453125 0.83984375 0.221875 0.159375
0 0.76796875 0.84140625 0.2265625 0.1609375
0 0.93828125 0.83828125 0.1234375 0.1640625
0 0.1421875 0.41484375 0.2078125 0.1734375
0 0.3421875 0.4109375 0.1765625 0.1734375