0 0.12578125 0.0828125 0.2296875 0.165625
0 0.3390625 0.078125 0.225 0.15625
0 0.54765625 0.07421875 0.2078125 0.1484375
0 0.76328125 0.07578125 0.2171875 0.1515625
0 0.9328125 0.07578125 0.134375 0.1515625
0 0.134375 0.24296875 0.228125 0.2015625
0 0.35703125 0.2390625 0.2203125 0.1875
0 0.78125 0.23828125 0.225 0.1984375
0 0.93671875 0.2359375 0.1265625 0.190625
0 0.56640625 0.23671875 0.21875 0.1859375
0 0.53828125 0.484375 0.2390625 0.203125
0 0.76171875 0.4828125 0.2234375 0.184375
0 0.9421875 0.4828125 0.115625 0.18125
0 0.10703125 0.6734375 0.2140625 0.203125
0 0.32109375 0.671875 0.2421875 0.2
0 0.5484375 0.66953125 0.225 0.1984375
0 0.77265625 0.6703125 0.2328125 0.20625
0 0.9359375 0.66953125 0.128125 0.1890625
0 0.1078125 0.84140625 0.215625 0.1734375
0 0.32421875 0.84140625 0.2296875 0.175
0 0.5453125 0.83984375 0.2375 0.1796875
0 0.76796875 0.84140625 0.2359375 0.1765625
0 0.9359375 0.83828125 0.128125 0.1703125
0 0.1421875 0.41484375 0.209375 0.1765625
0 0.3421875 0.4109375 0.190625 0.190625