0 0.63203125 0.2953125 0.3234375 0.328125
0 0.62890625 0.82578125 0.2921875 0.1703125
0 0.9015625 0.325 0.196875 0.284375
0 0.90703125 0.60703125 0.1859375 0.2984375
0 0.9078125 0.828125 0.184375 0.1625
0 0.634375 0.5890625 0.33125 0.33125
0 0.059375 0.10703125 0.11875 0.2140625
0 0.12265625 0.34140625 0.1234375 0.271875
0 0.19609375 0.11953125 0.1328125 0.2390625
0 0.28515625 0.3640625 0.1421875 0.265625
0 0.053125 0.61015625 0.10625 0.2765625
0 0.1984375 0.61328125 0.14375 0.2734375
0 0.11171875 0.8234375 0.1359375 0.175
0 0.27734375 0.828125 0.1328125 0.178125
0 0.3640625 0.1265625 0.128125 0.23125