0 0.6328125 0.29609375 0.3 0.303125
0 0.62890625 0.82578125 0.2875 0.165625
0 0.90625 0.3265625 0.1875 0.275
0 0.9109375 0.60703125 0.178125 0.2890625
0 0.91171875 0.82890625 0.1765625 0.1484375
0 0.63515625 0.58828125 0.2984375 0.296875
0 0.05390625 0.1046875 0.1078125 0.209375
0 0.12265625 0.3421875 0.1234375 0.2703125
0 0.19765625 0.11796875 0.1203125 0.2359375
0 0.284375 0.3640625 0.1171875 0.2578125
0 0.046875 0.61015625 0.09375 0.2734375
0 0.1984375 0.61328125 0.1203125 0.2625
0 0.11171875 0.82265625 0.128125 0.1671875
0 0.27734375 0.828125 0.1171875 0.1671875
0 0.3640625 0.12578125 0.1171875 0.2265625