0 0.63203125 0.2953125 0.3046875 0.309375
0 0.62890625 0.82578125 0.3015625 0.1921875
0 0.9046875 0.325 0.190625 0.278125
0 0.90234375 0.60703125 0.1953125 0.3078125
0 0.91015625 0.82734375 0.1796875 0.1515625
0 0.634375 0.5890625 0.3125 0.3125
0 0.05625 0.10546875 0.1125 0.2109375
0 0.12265625 0.34140625 0.1515625 0.2796875
0 0.19609375 0.11953125 0.1390625 0.2390625
0 0.28515625 0.3640625 0.1359375 0.2625
0 0.05390625 0.6109375 0.1078125 0.278125
0 0.1984375 0.61328125 0.146875 0.2734375
0 0.11171875 0.8234375 0.1265625 0.16875
0 0.27734375 0.828125 0.1234375 0.171875
0 0.3640625 0.1265625 0.128125 0.23125