0 0.63203125 0.2953125 0.303125 0.309375
0 0.62890625 0.82578125 0.3015625 0.19375
0 0.9015625 0.325 0.196875 0.284375
0 0.9109375 0.6078125 0.178125 0.290625
0 0.91015625 0.82734375 0.1796875 0.1484375
0 0.634375 0.5890625 0.303125 0.3
0 0.0546875 0.1046875 0.109375 0.209375
0 0.12265625 0.34140625 0.1390625 0.2765625
0 0.19609375 0.11953125 0.1359375 0.2390625
0 0.28515625 0.3640625 0.1390625 0.265625
0 0.05 0.61015625 0.1 0.2765625
0 0.1984375 0.61328125 0.146875 0.2734375
0 0.11171875 0.8234375 0.1296875 0.171875
0 0.27734375 0.828125 0.1203125 0.171875
0 0.3640625 0.1265625 0.140625 0.234375