0 0.63203125 0.2953125 0.3265625 0.33125
0 0.62890625 0.82578125 0.3015625 0.1921875
0 0.9046875 0.325 0.190625 0.278125
0 0.90546875 0.6078125 0.1890625 0.303125
0 0.9078125 0.828125 0.184375 0.159375
0 0.634375 0.5890625 0.328125 0.328125
0 0.05703125 0.10625 0.1140625 0.2125
0 0.12265625 0.34140625 0.1234375 0.2703125
0 0.19609375 0.11875 0.1296875 0.2375
0 0.28515625 0.3640625 0.1453125 0.265625
0 0.05078125 0.61015625 0.1015625 0.2765625
0 0.1984375 0.61328125 0.13125 0.2671875
0 0.11171875 0.8234375 0.1421875 0.178125
0 0.27734375 0.828125 0.1265625 0.175
0 0.3640625 0.1265625 0.13125 0.23125