0 0.63203125 0.2953125 0.2984375 0.303125
0 0.62890625 0.82578125 0.2890625 0.165625
0 0.90625 0.32578125 0.1875 0.275
0 0.9109375 0.6078125 0.178125 0.290625
0 0.9109375 0.828125 0.178125 0.146875
0 0.634375 0.5890625 0.30078125 0.29765625
0 0.05390625 0.1046875 0.1078125 0.209375
0 0.12265625 0.34140625 0.121875 0.271875
0 0.196875 0.11796875 0.11953125 0.2359375
0 0.28515625 0.3640625 0.11875 0.25859375
0 0.046875 0.6109375 0.09375 0.271875
0 0.1984375 0.61328125 0.12109375 0.2625
0 0.11171875 0.8234375 0.128125 0.16875
0 0.27734375 0.828125 0.115625 0.16875
0 0.3640625 0.1265625 0.11640625 0.22734375