0 0.63203125 0.2953125 0.315625 0.31875
0 0.62890625 0.82578125 0.3015625 0.1890625
0 0.89765625 0.325 0.2046875 0.29375
0 0.91015625 0.60703125 0.1796875 0.2921875
0 0.90703125 0.828125 0.1859375 0.165625
0 0.634375 0.5890625 0.315625 0.315625
0 0.0546875 0.1046875 0.109375 0.209375
0 0.12265625 0.34140625 0.1359375 0.2765625
0 0.19609375 0.1203125 0.1453125 0.240625
0 0.28515625 0.3640625 0.1359375 0.2625
0 0.05 0.61015625 0.1 0.2765625
0 0.1984375 0.61328125 0.13125 0.2671875
0 0.11171875 0.8234375 0.1296875 0.171875
0 0.27734375 0.828125 0.1328125 0.178125
0 0.3640625 0.1265625 0.128125 0.23125