0 0.4125 0.2765625 0.1421875 0.125
0 0.5703125 0.05625 0.146875 0.1125
0 0.56484375 0.1609375 0.146875 0.1109375
0 0.56015625 0.28359375 0.146875 0.1234375
0 0.72578125 0.05078125 0.1515625 0.1015625
0 0.8921875 0.0375 0.1515625 0.075
0 0.72265625 0.14765625 0.15 0.11875
0 0.8734375 0.1390625 0.15 0.1328125
0 0.72265625 0.26796875 0.146875 0.1265625
0 0.86796875 0.26171875 0.146875 0.125
0 0.40625 0.396875 0.1453125 0.1140625
0 0.553125 0.40234375 0.1421875 0.1203125
0 0.70703125 0.38671875 0.1546875 0.11875
0 0.8609375 0.38203125 0.1515625 0.115625
0 0.55390625 0.5265625 0.146875 0.128125
0 0.7015625 0.50703125 0.15 0.1203125
0 0.859375 0.50390625 0.1453125 0.1203125
0 0.98203125 0.14921875 0.0359375 0.1296875
0 0.971875 0.2765625 0.05625 0.121875
0 0.9734375 0.3953125 0.053125 0.115625
0 0.96640625 0.509375 0.0671875 0.0984375
0 0.01796875 0.0578125 0.0359375 0.115625
0 0.01796875 0.17578125 0.0359375 0.1234375
0 0.01796875 0.29296875 0.0359375 0.11875
0 0.02265625 0.41015625 0.0453125 0.11875
0 0.025 0.52734375 0.05 0.1109375
0 0.0265625 0.634375 0.053125 0.10625
0 0.02890625 0.7484375 0.0578125 0.11875
0 0.02890625 0.8609375 0.0578125 0.10625
0 0.553125 0.64453125 0.15 0.11875
0 0.265625 0.75234375 0.134375 0.1109375
0 0.40390625 0.7453125 0.1421875 0.115625
0 0.5515625 0.7515625 0.1421875 0.10625
0 0.709375 0.62890625 0.1453125 0.125
0 0.8578125 0.6234375 0.1546875 0.1203125
0 0.96640625 0.61796875 0.0671875 0.1171875
0 0.7015625 0.7484375 0.15 0.11875
0 0.85 0.740625 0.15 0.1234375
0 0.9625 0.7359375 0.075 0.115625
0 0.2703125 0.859375 0.1390625 0.103125
0 0.4078125 0.8578125 0.1390625 0.1109375
0 0.553125 0.85546875 0.1390625 0.115625
0 0.69375 0.85703125 0.1453125 0.10625
0 0.84140625 0.8609375 0.1515625 0.10625
0 0.9578125 0.85234375 0.084375 0.1109375
0 0.115625 0.0484375 0.1453125 0.096875
0 0.4171875 0.1546875 0.1453125 0.128125
0 0.415625 0.04921875 0.1453125 0.0984375
0 0.2640625 0.0515625 0.1484375 0.103125
0 0.25859375 0.15 0.15 0.1515625
0 0.2640625 0.2703125 0.1484375 0.1390625
0 0.25859375 0.38671875 0.1453125 0.134375
0 0.25234375 0.50703125 0.1421875 0.1390625
0 0.2546875 0.6265625 0.1390625 0.1375
0 0.41015625 0.63125 0.1453125 0.1140625
0 0.41015625 0.515625 0.1421875 0.128125
0 0.1140625 0.15859375 0.1421875 0.125
0 0.11796875 0.28125 0.1453125 0.1234375
0 0.115625 0.39765625 0.134375 0.11875
0 0.11640625 0.51953125 0.1375 0.1234375
0 0.12109375 0.63203125 0.1328125 0.1140625
0 0.125 0.74296875 0.134375 0.11875
0 0.12734375 0.8546875 0.1390625 0.10625