0 0.4125 0.2765625 0.14375 0.128125
0 0.56953125 0.06015625 0.1578125 0.1203125
0 0.56484375 0.1609375 0.1546875 0.11875
0 0.56015625 0.28359375 0.1578125 0.1359375
0 0.725 0.05390625 0.159375 0.1078125
0 0.89140625 0.0375 0.1515625 0.075
0 0.72265625 0.14765625 0.1515625 0.1203125
0 0.8734375 0.1390625 0.159375 0.14375
0 0.72265625 0.26796875 0.1484375 0.1296875
0 0.86796875 0.26171875 0.1609375 0.140625
0 0.40625 0.396875 0.14375 0.1125
0 0.553125 0.40234375 0.146875 0.125
0 0.70703125 0.38671875 0.1609375 0.1296875
0 0.8609375 0.38203125 0.159375 0.1234375
0 0.55390625 0.5265625 0.1609375 0.14375
0 0.7015625 0.50703125 0.15625 0.13125
0 0.859375 0.50390625 0.15625 0.134375
0 0.97890625 0.1484375 0.0421875 0.13125
0 0.96953125 0.27578125 0.0609375 0.1265625
0 0.97109375 0.3953125 0.0578125 0.11875
0 0.965625 0.50859375 0.06875 0.0984375
0 0.01953125 0.0578125 0.0390625 0.115625
0 0.01796875 0.175 0.0359375 0.121875
0 0.02109375 0.2921875 0.0421875 0.11875
0 0.02578125 0.409375 0.0515625 0.121875
0 0.0265625 0.52734375 0.053125 0.1140625
0 0.0265625 0.634375 0.053125 0.10625
0 0.03125 0.74765625 0.0625 0.1234375
0 0.0296875 0.86015625 0.059375 0.1078125
0 0.553125 0.64453125 0.1625 0.1328125
0 0.265625 0.75234375 0.140625 0.1171875
0 0.40390625 0.7453125 0.1546875 0.13125
0 0.5515625 0.7515625 0.15 0.11875
0 0.709375 0.62890625 0.14375 0.125
0 0.8578125 0.6234375 0.159375 0.13125
0 0.96328125 0.61796875 0.0734375 0.1234375
0 0.7015625 0.7484375 0.153125 0.121875
0 0.85 0.740625 0.159375 0.1375
0 0.96015625 0.73515625 0.0796875 0.1203125
0 0.2703125 0.859375 0.14375 0.10625
0 0.4078125 0.8578125 0.140625 0.1125
0 0.553125 0.85546875 0.140625 0.1171875
0 0.69375 0.85703125 0.146875 0.1109375
0 0.84140625 0.8609375 0.1546875 0.1125
0 0.95546875 0.8515625 0.0890625 0.115625
0 0.11484375 0.05078125 0.1515625 0.1015625
0 0.4171875 0.1546875 0.15 0.134375
0 0.41484375 0.05234375 0.1515625 0.1046875
0 0.26328125 0.053125 0.1546875 0.10625
0 0.25859375 0.15 0.1609375 0.1625
0 0.2640625 0.2703125 0.1625 0.153125
0 0.25859375 0.38671875 0.1609375 0.1515625
0 0.25234375 0.50703125 0.153125 0.1515625
0 0.2546875 0.6265625 0.153125 0.153125
0 0.41015625 0.63125 0.1546875 0.128125
0 0.41015625 0.515625 0.1515625 0.1375
0 0.1140625 0.15859375 0.140625 0.1265625
0 0.11796875 0.28125 0.1453125 0.121875
0 0.115625 0.39765625 0.140625 0.1234375
0 0.11640625 0.51953125 0.1421875 0.1296875
0 0.12109375 0.63203125 0.1390625 0.1203125
0 0.125 0.74296875 0.140625 0.125
0 0.12734375 0.8546875 0.1453125 0.1125