0 0.05625 0.05546875 0.1125 0.1109375
0 0.2109375 0.05546875 0.1875 0.1109375
0 0.40859375 0.0546875 0.1921875 0.109375
0 0.60703125 0.05546875 0.1921875 0.1109375
0 0.78984375 0.0515625 0.1625 0.103125
0 0.93828125 0.053125 0.1203125 0.10625
0 0.040625 0.22734375 0.08125 0.2359375
0 0.16328125 0.22890625 0.146875 0.2390625
0 0.309375 0.23046875 0.153125 0.2359375
0 0.46171875 0.22890625 0.1453125 0.2390625
0 0.6078125 0.22578125 0.140625 0.2328125
0 0.75390625 0.2234375 0.140625 0.23359375
0 0.9015625 0.2234375 0.13984375 0.23359375
0 0.06171875 0.46484375 0.1234375 0.2390625
0 0.2359375 0.46640625 0.18984375 0.2421875
0 0.43515625 0.4671875 0.1875 0.234375
0 0.63046875 0.46484375 0.190625 0.234375
0 0.8265625 0.4609375 0.17890625 0.23125
0 0.0453125 0.7046875 0.090625 0.23125
0 0.1734375 0.7078125 0.14375 0.23984375
0 0.32109375 0.70390625 0.1375 0.2296875
0 0.475 0.70234375 0.14296875 0.2265625
0 0.6203125 0.7015625 0.140625 0.23125
0 0.76484375 0.69140625 0.1359375 0.2203125
0 0.91171875 0.6859375 0.1359375 0.23125