0 0.05703125 0.05625 0.1140625 0.1125
0 0.209375 0.0609375 0.2 0.121875
0 0.40703125 0.05390625 0.1921875 0.1078125
0 0.6046875 0.059375 0.2 0.11875
0 0.7890625 0.0546875 0.171875 0.109375
0 0.9375 0.05390625 0.125 0.1078125
0 0.040625 0.22734375 0.08125 0.2359375
0 0.16328125 0.228125 0.1671875 0.246875
0 0.30859375 0.2296875 0.171875 0.246875
0 0.46171875 0.228125 0.1703125 0.25
0 0.6078125 0.22578125 0.16875 0.2453125
0 0.75390625 0.2234375 0.1484375 0.2375
0 0.9015625 0.2234375 0.15 0.240625
0 0.0609375 0.46328125 0.121875 0.2421875
0 0.23671875 0.46640625 0.2078125 0.2546875
0 0.43515625 0.4671875 0.20625 0.246875
0 0.63125 0.46484375 0.209375 0.2484375
0 0.8265625 0.46015625 0.190625 0.2359375
0 0.04921875 0.7046875 0.0984375 0.2375
0 0.1734375 0.7078125 0.146875 0.2375
0 0.32109375 0.703125 0.1453125 0.234375
0 0.475 0.7015625 0.15 0.23125
0 0.6203125 0.7015625 0.146875 0.234375
0 0.7640625 0.69140625 0.15625 0.2328125
0 0.9109375 0.6859375 0.15 0.2375