0 0.0578125 0.05703125 0.115625 0.1140625
0 0.209375 0.06015625 0.2 0.1203125
0 0.40703125 0.0578125 0.1984375 0.115625
0 0.6046875 0.0578125 0.196875 0.115625
0 0.7890625 0.05234375 0.165625 0.1046875
0 0.93671875 0.0546875 0.1265625 0.109375
0 0.040625 0.22734375 0.08125 0.2359375
0 0.16328125 0.228125 0.1609375 0.246875
0 0.30859375 0.2296875 0.1609375 0.240625
0 0.46171875 0.228125 0.1484375 0.240625
0 0.6078125 0.22578125 0.165625 0.2453125
0 0.75390625 0.2234375 0.1578125 0.24375
0 0.9015625 0.2234375 0.15625 0.24375
0 0.06484375 0.46328125 0.1296875 0.2484375
0 0.23671875 0.46640625 0.1984375 0.2484375
0 0.43515625 0.4671875 0.2109375 0.253125
0 0.63125 0.46484375 0.190625 0.234375
0 0.8265625 0.46015625 0.203125 0.2484375
0 0.04765625 0.70546875 0.0953125 0.2359375
0 0.1734375 0.7078125 0.146875 0.240625
0 0.32109375 0.703125 0.1609375 0.24375
0 0.475 0.7015625 0.153125 0.23125
0 0.6203125 0.7015625 0.1625 0.24375
0 0.7640625 0.69140625 0.140625 0.2234375
0 0.9109375 0.6859375 0.15 0.2375