0 0.05625 0.05546875 0.1125 0.1109375
0 0.21015625 0.05546875 0.190625 0.1109375
0 0.4078125 0.05390625 0.190625 0.1078125
0 0.60546875 0.05546875 0.1921875 0.1109375
0 0.78984375 0.0515625 0.1640625 0.103125
0 0.9375 0.053125 0.11953125 0.10625
0 0.040625 0.22734375 0.08125 0.2359375
0 0.16328125 0.228125 0.146875 0.23828125
0 0.30859375 0.2296875 0.1515625 0.23515625
0 0.46171875 0.228125 0.1453125 0.23828125
0 0.6078125 0.22578125 0.14140625 0.2328125
0 0.75390625 0.2234375 0.1421875 0.23359375
0 0.9015625 0.2234375 0.13984375 0.23359375
0 0.0609375 0.4640625 0.121875 0.240625
0 0.23671875 0.46640625 0.190625 0.2421875
0 0.43515625 0.4671875 0.1875 0.23359375
0 0.63125 0.46484375 0.190625 0.2328125
0 0.8265625 0.46015625 0.18125 0.23125
0 0.0453125 0.70546875 0.090625 0.2328125
0 0.1734375 0.7078125 0.14609375 0.23984375
0 0.32109375 0.703125 0.1375 0.23125
0 0.475 0.7015625 0.14296875 0.22734375
0 0.6203125 0.7015625 0.13984375 0.23125
0 0.7640625 0.69140625 0.1375 0.221875
0 0.9109375 0.6859375 0.1375 0.23125