0 0.1203125 0.2359375 0.19609375 0.23984375
0 0.1265625 0.47734375 0.19609375 0.2359375
0 0.11875 0.71171875 0.1875 0.240625
0 0.31640625 0.240625 0.1921875 0.22421875
0 0.3125 0.478125 0.1875 0.23671875
0 0.31015625 0.709375 0.19375 0.23671875
0 0.50703125 0.24609375 0.1859375 0.228125
0 0.5 0.478125 0.18671875 0.23125
0 0.49609375 0.70703125 0.1828125 0.23125
0 0.696875 0.25 0.18125 0.23671875
0 0.6890625 0.4796875 0.18125 0.228125
0 0.68359375 0.7140625 0.1859375 0.23359375
0 0.8859375 0.24765625 0.18359375 0.2390625
0 0.8734375 0.4828125 0.18359375 0.23515625
0 0.8734375 0.71640625 0.18515625 0.2359375