0 0.1203125 0.2359375 0.196875 0.24375
0 0.1265625 0.47734375 0.196875 0.2390625
0 0.11875 0.71171875 0.215625 0.2609375
0 0.31640625 0.240625 0.2078125 0.234375
0 0.3125 0.478125 0.19375 0.240625
0 0.31015625 0.709375 0.2171875 0.253125
0 0.50703125 0.24609375 0.2015625 0.2390625
0 0.5 0.478125 0.20625 0.246875
0 0.49609375 0.70703125 0.1890625 0.2359375
0 0.696875 0.25 0.196875 0.246875
0 0.6890625 0.4796875 0.203125 0.246875
0 0.68359375 0.7140625 0.2109375 0.253125
0 0.8859375 0.24765625 0.209375 0.2546875
0 0.8734375 0.4828125 0.209375 0.253125
0 0.8734375 0.71640625 0.19375 0.2421875