0 0.0953125 0.1671875 0.184375 0.215625
0 0.26171875 0.16953125 0.1703125 0.2046875
0 0.4203125 0.16328125 0.178125 0.2203125
0 0.5796875 0.16328125 0.171875 0.2109375
0 0.7390625 0.1703125 0.175 0.215625
0 0.90625 0.165625 0.165625 0.203125
0 0.09609375 0.37109375 0.1671875 0.2046875
0 0.26171875 0.3734375 0.1640625 0.196875
0 0.41953125 0.36796875 0.159375 0.2046875
0 0.57421875 0.37265625 0.1609375 0.2015625
0 0.73671875 0.3765625 0.1671875 0.209375
0 0.9015625 0.375 0.175 0.209375
0 0.09609375 0.57109375 0.1671875 0.2046875
0 0.25859375 0.5765625 0.1703125 0.203125
0 0.4203125 0.56953125 0.159375 0.2015625
0 0.5796875 0.57421875 0.1625 0.2015625
0 0.740625 0.58046875 0.178125 0.2078125
0 0.90234375 0.5796875 0.1796875 0.221875
0 0.09609375 0.775 0.1671875 0.2
0 0.25859375 0.77421875 0.1703125 0.2046875
0 0.41953125 0.77421875 0.1578125 0.2015625
0 0.57578125 0.775 0.1671875 0.2
0 0.7390625 0.7765625 0.178125 0.20625
0 0.90390625 0.77890625 0.1734375 0.2015625