0 0.09453125 0.16640625 0.1640625 0.2
0 0.2625 0.16875 0.15703125 0.19375
0 0.42109375 0.16328125 0.1578125 0.20625
0 0.5796875 0.16328125 0.159375 0.2015625
0 0.7390625 0.1703125 0.159375 0.203125
0 0.90546875 0.165625 0.1625 0.20078125
0 0.09609375 0.371875 0.1609375 0.20078125
0 0.2625 0.3734375 0.16171875 0.19609375
0 0.41875 0.36796875 0.146875 0.19375
0 0.575 0.3734375 0.153125 0.19609375
0 0.73671875 0.37578125 0.153125 0.2
0 0.9015625 0.37421875 0.16484375 0.203125
0 0.096875 0.57109375 0.159375 0.1953125
0 0.25859375 0.57734375 0.15625 0.1953125
0 0.4203125 0.56953125 0.153125 0.19375
0 0.5796875 0.575 0.153125 0.19375
0 0.740625 0.58046875 0.159375 0.1921875
0 0.903125 0.57890625 0.16171875 0.2078125
0 0.096875 0.775 0.159375 0.19296875
0 0.25859375 0.7734375 0.15625 0.18984375
0 0.4203125 0.77421875 0.15625 0.1984375
0 0.57578125 0.775 0.1515625 0.18671875
0 0.7390625 0.7765625 0.15390625 0.18984375
0 0.90390625 0.77890625 0.1625 0.19375