0 0.11171875 0.23671875 0.209375 0.2609375
0 0.30546875 0.24140625 0.1890625 0.2484375
0 0.109375 0.49375 0.196875 0.25625
0 0.1078125 0.74296875 0.209375 0.2609375
0 0.30546875 0.490625 0.1875 0.246875
0 0.30546875 0.7390625 0.1921875 0.246875
0 0.49765625 0.2453125 0.1921875 0.253125
0 0.4984375 0.490625 0.209375 0.2625
0 0.4984375 0.73671875 0.18125 0.2453125
0 0.68984375 0.24609375 0.2140625 0.2578125
0 0.6921875 0.49765625 0.190625 0.2390625
0 0.69140625 0.74140625 0.2015625 0.240625
0 0.88671875 0.73828125 0.2078125 0.2578125
0 0.8890625 0.49453125 0.221875 0.2671875
0 0.88671875 0.240625 0.2140625 0.259375