0 0.11171875 0.23671875 0.2046875 0.2578125
0 0.30546875 0.24140625 0.2046875 0.259375
0 0.109375 0.49375 0.2125 0.265625
0 0.1078125 0.74296875 0.190625 0.246875
0 0.30546875 0.490625 0.1984375 0.253125
0 0.30546875 0.7390625 0.2015625 0.25
0 0.49765625 0.2453125 0.2109375 0.265625
0 0.4984375 0.490625 0.20625 0.259375
0 0.4984375 0.73671875 0.20625 0.2609375
0 0.68984375 0.24609375 0.2109375 0.25625
0 0.6921875 0.49765625 0.20625 0.253125
0 0.69140625 0.74140625 0.1921875 0.2328125
0 0.88671875 0.73828125 0.1984375 0.2515625
0 0.890625 0.4953125 0.215625 0.2625
0 0.88671875 0.240625 0.2109375 0.259375