0 0.11171875 0.23671875 0.1953125 0.253125
0 0.30546875 0.24140625 0.184375 0.2453125
0 0.109375 0.49375 0.1890625 0.2515625
0 0.10859375 0.7421875 0.1875 0.2421875
0 0.30546875 0.48984375 0.184375 0.24375
0 0.30546875 0.7390625 0.1875 0.2390625
0 0.49765625 0.24453125 0.1859375 0.246875
0 0.49921875 0.48984375 0.1859375 0.2453125
0 0.49921875 0.73671875 0.1796875 0.24375
0 0.68984375 0.246875 0.190625 0.240625
0 0.6921875 0.49765625 0.1859375 0.234375
0 0.690625 0.74140625 0.184375 0.228125
0 0.88671875 0.73828125 0.1890625 0.2453125
0 0.890625 0.4953125 0.19375 0.2484375
0 0.8875 0.240625 0.1875 0.240625