0 0.11171875 0.23671875 0.196875 0.253125
0 0.30546875 0.24140625 0.1859375 0.2453125
0 0.109375 0.49375 0.190625 0.25
0 0.1078125 0.74296875 0.1875 0.24375
0 0.30546875 0.490625 0.1859375 0.24453125
0 0.30546875 0.7390625 0.1875 0.240625
0 0.49765625 0.2453125 0.1859375 0.24765625
0 0.4984375 0.490625 0.184375 0.24453125
0 0.4984375 0.73671875 0.18125 0.24375
0 0.68984375 0.24609375 0.190625 0.240625
0 0.6921875 0.49765625 0.184375 0.2359375
0 0.69140625 0.74140625 0.1859375 0.228125
0 0.88671875 0.73828125 0.190625 0.2453125
0 0.890625 0.4953125 0.19453125 0.24765625
0 0.88671875 0.240625 0.1875 0.240625