0 0.0734375 0.06328125 0.146875 0.1265625
0 0.08828125 0.26796875 0.1765625 0.2890625
0 0.09296875 0.5375 0.1859375 0.271875
0 0.29140625 0.053125 0.278125 0.10625
0 0.57265625 0.053125 0.2953125 0.10625
0 0.8625 0.04921875 0.2734375 0.0984375
0 0.28203125 0.2609375 0.2109375 0.2875
0 0.50390625 0.25703125 0.2234375 0.2953125
0 0.73203125 0.253125 0.23125 0.303125
0 0.921875 0.25546875 0.15 0.321875
0 0.09296875 0.5390625 0.1859375 0.26875
0 0.32421875 0.54140625 0.259375 0.278125
0 0.5984375 0.5484375 0.296875 0.3078125
0 0.8765625 0.55859375 0.246875 0.296875
0 0.11796875 0.79375 0.1984375 0.2421875
0 0.315625 0.79765625 0.2109375 0.234375
0 0.53125 0.803125 0.21875 0.23125
0 0.76015625 0.80859375 0.234375 0.2125
0 0.93828125 0.81640625 0.1109375 0.2046875