0 0.07578125 0.0671875 0.1515625 0.134375
0 0.0921875 0.265625 0.184375 0.3
0 0.1 0.5375 0.2 0.2875
0 0.28984375 0.05625 0.2828125 0.1125
0 0.57109375 0.05625 0.2984375 0.1125
0 0.86015625 0.05546875 0.2796875 0.1109375
0 0.2828125 0.2609375 0.215625 0.2875
0 0.50390625 0.25703125 0.2390625 0.3078125
0 0.73203125 0.25390625 0.2453125 0.3140625
0 0.921875 0.25625 0.15625 0.325
0 0.09375 0.53984375 0.1875 0.2703125
0 0.32421875 0.540625 0.2796875 0.296875
0 0.5984375 0.54921875 0.31875 0.3296875
0 0.8703125 0.5546875 0.259375 0.3125
0 0.11796875 0.79453125 0.2125 0.2546875
0 0.31484375 0.7984375 0.2359375 0.25625
0 0.53125 0.80390625 0.225 0.2359375
0 0.7609375 0.80859375 0.2375 0.2171875
0 0.9359375 0.815625 0.128125 0.215625