0 0.075 0.06640625 0.15 0.1328125
0 0.08828125 0.265625 0.1765625 0.290625
0 0.1 0.5375 0.2 0.2875
0 0.28984375 0.05703125 0.2828125 0.1140625
0 0.57109375 0.059375 0.3015625 0.11875
0 0.8609375 0.05390625 0.278125 0.1078125
0 0.2828125 0.2609375 0.221875 0.290625
0 0.50390625 0.25703125 0.2265625 0.2953125
0 0.73203125 0.25390625 0.2359375 0.3078125
0 0.91953125 0.25546875 0.1609375 0.3265625
0 0.0984375 0.5390625 0.196875 0.28125
0 0.32421875 0.540625 0.259375 0.278125
0 0.5984375 0.54921875 0.325 0.3328125
0 0.86875 0.5546875 0.2625 0.315625
0 0.11796875 0.79453125 0.2078125 0.2515625
0 0.31484375 0.7984375 0.2265625 0.246875
0 0.53125 0.80390625 0.24375 0.2515625
0 0.7609375 0.80859375 0.2375 0.2140625
0 0.9390625 0.81640625 0.11875 0.2078125