0 0.075 0.06640625 0.15 0.1328125
0 0.09609375 0.265625 0.1921875 0.30625
0 0.09921875 0.5375 0.1984375 0.284375
0 0.28984375 0.0578125 0.2859375 0.115625
0 0.57109375 0.06015625 0.3015625 0.1203125
0 0.8609375 0.05234375 0.278125 0.1046875
0 0.2828125 0.2609375 0.2375 0.303125
0 0.50390625 0.25703125 0.2296875 0.3015625
0 0.73203125 0.25390625 0.2578125 0.3234375
0 0.91953125 0.25546875 0.1609375 0.3265625
0 0.09453125 0.5390625 0.1890625 0.271875
0 0.32421875 0.540625 0.2703125 0.2875
0 0.5984375 0.54921875 0.33125 0.3390625
0 0.8671875 0.55546875 0.265625 0.3203125
0 0.11796875 0.79453125 0.2015625 0.2484375
0 0.31484375 0.7984375 0.2390625 0.259375
0 0.53125 0.80390625 0.23125 0.2421875
0 0.7609375 0.80859375 0.25 0.2296875
0 0.93828125 0.815625 0.1234375 0.2125