0 0.07578125 0.06640625 0.1515625 0.1328125
0 0.0953125 0.265625 0.190625 0.30625
0 0.1 0.5375 0.2 0.2875
0 0.28984375 0.059375 0.2859375 0.11875
0 0.57109375 0.0578125 0.2984375 0.115625
0 0.86015625 0.05546875 0.2796875 0.1109375
0 0.2828125 0.2609375 0.2375 0.303125
0 0.50390625 0.25703125 0.2453125 0.3109375
0 0.73203125 0.25390625 0.2546875 0.3203125
0 0.9140625 0.25546875 0.171875 0.3359375
0 0.09375 0.5390625 0.1875 0.271875
0 0.32421875 0.540625 0.2796875 0.296875
0 0.5984375 0.54921875 0.325 0.3359375
0 0.8734375 0.5546875 0.253125 0.303125
0 0.11796875 0.79453125 0.1984375 0.2453125
0 0.31484375 0.7984375 0.2234375 0.246875
0 0.53125 0.80390625 0.23125 0.2453125
0 0.7609375 0.80859375 0.246875 0.2234375
0 0.9390625 0.81640625 0.1125 0.20625