0 0.0734375 0.0640625 0.146875 0.128125
0 0.0875 0.26640625 0.175 0.2890625
0 0.09375 0.53828125 0.1875 0.271875
0 0.290625 0.053125 0.2796875 0.10625
0 0.571875 0.053125 0.29375 0.10625
0 0.86171875 0.04921875 0.275 0.0984375
0 0.2828125 0.2609375 0.2125 0.2859375
0 0.50390625 0.25703125 0.2234375 0.2953125
0 0.73203125 0.25390625 0.23125 0.303125
0 0.921875 0.25625 0.1515625 0.321875
0 0.09375 0.53984375 0.1875 0.2703125
0 0.32421875 0.540625 0.259375 0.2796875
0 0.5984375 0.54921875 0.2984375 0.3078125
0 0.87578125 0.55546875 0.2484375 0.2953125
0 0.11796875 0.79453125 0.196875 0.24375
0 0.31484375 0.7984375 0.2125 0.2359375
0 0.53125 0.80390625 0.21875 0.23125
0 0.7609375 0.80859375 0.2328125 0.2125
0 0.9390625 0.81640625 0.1109375 0.2046875