0 0.07421875 0.06484375 0.1484375 0.1296875
0 0.0921875 0.265625 0.184375 0.3
0 0.0984375 0.53828125 0.196875 0.2828125
0 0.28984375 0.0609375 0.2859375 0.121875
0 0.57109375 0.05390625 0.2953125 0.1078125
0 0.8609375 0.04921875 0.275 0.0984375
0 0.2828125 0.2609375 0.221875 0.290625
0 0.50390625 0.25703125 0.2390625 0.3078125
0 0.73203125 0.25390625 0.2390625 0.3109375
0 0.91484375 0.25546875 0.1703125 0.3328125
0 0.0953125 0.5390625 0.190625 0.275
0 0.32421875 0.540625 0.2859375 0.303125
0 0.5984375 0.54921875 0.33125 0.340625
0 0.86875 0.5546875 0.2625 0.315625
0 0.11796875 0.79453125 0.1984375 0.2453125
0 0.31484375 0.7984375 0.2140625 0.2375
0 0.53125 0.80390625 0.228125 0.2390625
0 0.7609375 0.80859375 0.253125 0.2328125
0 0.93828125 0.81640625 0.1234375 0.2109375