0 0.0734375 0.0640625 0.146875 0.128125
0 0.09140625 0.26640625 0.1828125 0.2984375
0 0.09921875 0.5375 0.1984375 0.284375
0 0.28984375 0.05859375 0.2859375 0.1171875
0 0.57109375 0.0546875 0.2953125 0.109375
0 0.86015625 0.05703125 0.2796875 0.1140625
0 0.2828125 0.2609375 0.215625 0.2875
0 0.50390625 0.25703125 0.2328125 0.3015625
0 0.73203125 0.25390625 0.2296875 0.303125
0 0.921875 0.25625 0.15625 0.325
0 0.10078125 0.5390625 0.2015625 0.2875
0 0.32421875 0.540625 0.2890625 0.30625
0 0.5984375 0.54921875 0.30625 0.3140625
0 0.86953125 0.55546875 0.2609375 0.3140625
0 0.11796875 0.79453125 0.2015625 0.2484375
0 0.31484375 0.7984375 0.2390625 0.259375
0 0.53125 0.80390625 0.225 0.2359375
0 0.7609375 0.80859375 0.253125 0.2328125
0 0.9390625 0.81640625 0.115625 0.2078125