0 0.11015625 0.27421875 0.2203125 0.2203125
0 0.34609375 0.27421875 0.2796875 0.2234375
0 0.61875 0.2765625 0.290625 0.234375
0 0.875 0.2734375 0.25 0.209375
0 0.1140625 0.47578125 0.228125 0.2078125
0 0.36328125 0.4796875 0.2765625 0.20625
0 0.63359375 0.47734375 0.2765625 0.2140625
0 0.88203125 0.47734375 0.2328125 0.2015625
0 0.11328125 0.67265625 0.2265625 0.1953125
0 0.36328125 0.67421875 0.2640625 0.209375
0 0.61640625 0.67421875 0.2625 0.1953125
0 0.86953125 0.67734375 0.2609375 0.2265625