0 0.11171875 0.27421875 0.2234375 0.2296875
0 0.34609375 0.27421875 0.2796875 0.2234375
0 0.61875 0.2765625 0.271875 0.209375
0 0.87109375 0.2734375 0.2578125 0.228125
0 0.1140625 0.47578125 0.228125 0.2109375
0 0.36328125 0.4796875 0.2796875 0.20625
0 0.63359375 0.47734375 0.28125 0.2203125
0 0.88203125 0.47734375 0.2296875 0.1984375
0 0.11484375 0.67265625 0.2296875 0.2046875
0 0.36328125 0.67421875 0.2515625 0.1890625
0 0.61640625 0.67421875 0.265625 0.2015625
0 0.8703125 0.67734375 0.259375 0.2234375