0 0.1109375 0.27421875 0.221875 0.2234375
0 0.34609375 0.27421875 0.2890625 0.2359375
0 0.61875 0.2765625 0.284375 0.225
0 0.87265625 0.27421875 0.2546875 0.2203125
0 0.11484375 0.47578125 0.2296875 0.2140625
0 0.36328125 0.4796875 0.2703125 0.196875
0 0.63359375 0.47734375 0.2796875 0.2171875
0 0.88046875 0.4765625 0.2390625 0.2125
0 0.11171875 0.67265625 0.2234375 0.1890625
0 0.36328125 0.67421875 0.2578125 0.1984375
0 0.61640625 0.67421875 0.2703125 0.2078125
0 0.87421875 0.67734375 0.2515625 0.2046875