0 0.10859375 0.27421875 0.2171875 0.2140625
0 0.34609375 0.27421875 0.2921875 0.2390625
0 0.61875 0.2765625 0.284375 0.228125
0 0.871875 0.2734375 0.25625 0.221875
0 0.1109375 0.47578125 0.221875 0.1953125
0 0.36328125 0.4796875 0.2734375 0.196875
0 0.63359375 0.47734375 0.2703125 0.2046875
0 0.88203125 0.47734375 0.2265625 0.1953125
0 0.11171875 0.6734375 0.2234375 0.1875
0 0.36328125 0.67421875 0.2609375 0.2046875
0 0.61640625 0.67421875 0.2609375 0.19375
0 0.86953125 0.67734375 0.2609375 0.2265625