0 0.49140625 0.225 0.21875 0.240625
0 0.490625 0.6703125 0.20625 0.221875
0 0.69609375 0.225 0.20625 0.234375
0 0.9015625 0.2203125 0.196875 0.240625
0 0.49296875 0.45703125 0.2234375 0.2359375
0 0.9015625 0.45546875 0.196875 0.2265625
0 0.69921875 0.4515625 0.221875 0.240625
0 0.69453125 0.67578125 0.2234375 0.2359375
0 0.89453125 0.6734375 0.2078125 0.228125
0 0.2390625 0.725 0.265625 0.209375
0 0.49296875 0.8546875 0.203125 0.1375
0 0.896875 0.85625 0.20625 0.15
0 0.68984375 0.8484375 0.2125 0.15625