0 0.49140625 0.225 0.2078125 0.234375
0 0.490625 0.67109375 0.19921875 0.2140625
0 0.69609375 0.225 0.196875 0.225
0 0.90390625 0.22109375 0.1921875 0.2328125
0 0.49296875 0.45703125 0.20625 0.2203125
0 0.90390625 0.45625 0.1921875 0.21875
0 0.69921875 0.45234375 0.1984375 0.2203125
0 0.69375 0.67578125 0.2 0.2140625
0 0.89375 0.6734375 0.1875 0.20859375
0 0.23984375 0.72421875 0.259375 0.2
0 0.49296875 0.8546875 0.1984375 0.128125
0 0.90078125 0.85859375 0.1984375 0.125
0 0.68984375 0.8484375 0.2015625 0.13515625