0 0.49140625 0.225 0.209375 0.23203125
0 0.490625 0.6703125 0.196875 0.21484375
0 0.69609375 0.225 0.196875 0.22578125
0 0.90390625 0.22109375 0.1921875 0.2328125
0 0.49296875 0.45703125 0.2078125 0.21875
0 0.90390625 0.45546875 0.1921875 0.21875
0 0.69921875 0.4515625 0.2 0.221875
0 0.69453125 0.67578125 0.2015625 0.2140625
0 0.89453125 0.6734375 0.1875 0.209375
0 0.2390625 0.725 0.259375 0.2
0 0.49296875 0.8546875 0.2 0.12890625
0 0.9 0.85703125 0.2 0.128125
0 0.68984375 0.8484375 0.2015625 0.1375