0 0.49140625 0.225 0.2265625 0.25
0 0.490625 0.6703125 0.215625 0.23125
0 0.69609375 0.225 0.2109375 0.2375
0 0.9015625 0.2203125 0.196875 0.240625
0 0.49296875 0.45703125 0.2078125 0.221875
0 0.8984375 0.4546875 0.203125 0.2375
0 0.69921875 0.4515625 0.2109375 0.23125
0 0.69453125 0.67578125 0.2203125 0.2328125
0 0.89453125 0.6734375 0.2078125 0.228125
0 0.2390625 0.725 0.275 0.221875
0 0.49296875 0.8546875 0.2109375 0.15
0 0.89765625 0.85625 0.2046875 0.14375
0 0.68984375 0.8484375 0.209375 0.15