0 0.49140625 0.225 0.2359375 0.253125
0 0.490625 0.6703125 0.2125 0.23125
0 0.69609375 0.225 0.2171875 0.240625
0 0.89765625 0.2203125 0.2046875 0.25
0 0.49296875 0.45703125 0.2203125 0.2328125
0 0.89765625 0.4546875 0.2046875 0.240625
0 0.69921875 0.4515625 0.2015625 0.225
0 0.69453125 0.67578125 0.2109375 0.2234375
0 0.89453125 0.6734375 0.2046875 0.225
0 0.2390625 0.725 0.271875 0.21875
0 0.49296875 0.8546875 0.203125 0.1375
0 0.8984375 0.85625 0.203125 0.1375
0 0.68984375 0.8484375 0.2140625 0.15625