0 0.16328125 0.203125 0.3109375 0.26875
0 0.4515625 0.23203125 0.2515625 0.225
0 0.71015625 0.0828125 0.2265625 0.165625
0 0.725 0.2625 0.2140625 0.20625
0 0.15703125 0.45859375 0.3140625 0.2578125
0 0.45546875 0.45234375 0.2671875 0.221875
0 0.73828125 0.47421875 0.2296875 0.203125
0 0.91953125 0.25078125 0.1609375 0.1875
0 0.93125 0.440625 0.1375 0.1875
0 0.1625 0.725 0.325 0.3078125
0 0.46484375 0.67578125 0.271875 0.2546875
0 0.75 0.6765625 0.2140625 0.221875
0 0.928125 0.6390625 0.14375 0.1984375
0 0.915625 0.0828125 0.16875 0.165625
0 0.7484375 0.84375 0.2171875 0.18125