0 0.08671875 0.2765625 0.1734375 0.31875
0 0.1953125 0.1078125 0.103125 0.215625
0 0.29765625 0.11015625 0.1171875 0.2203125
0 0.4140625 0.10703125 0.140625 0.2140625
0 0.55 0.10390625 0.134375 0.2078125
0 0.68828125 0.09453125 0.1671875 0.1890625
0 0.28984375 0.34375 0.1234375 0.259375
0 0.42421875 0.35 0.1453125 0.278125
0 0.553125 0.3453125 0.15625 0.290625
0 0.69375 0.33515625 0.146875 0.2984375
0 0.28515625 0.60234375 0.1078125 0.2609375
0 0.428125 0.61875 0.15625 0.290625
0 0.55859375 0.6234375 0.1453125 0.290625
0 0.69921875 0.6296875 0.1453125 0.3
0 0.2859375 0.82109375 0.140625 0.2078125