0 0.0875 0.27578125 0.175 0.3203125
0 0.1953125 0.10859375 0.10625 0.2171875
0 0.29765625 0.1109375 0.1265625 0.221875
0 0.4140625 0.10703125 0.140625 0.2140625
0 0.55 0.10546875 0.15 0.2109375
0 0.68828125 0.09375 0.1640625 0.1875
0 0.28984375 0.34375 0.115625 0.25625
0 0.42421875 0.35 0.1171875 0.26875
0 0.553125 0.3453125 0.14375 0.284375
0 0.69375 0.33515625 0.146875 0.3015625
0 0.28515625 0.60234375 0.121875 0.265625
0 0.428125 0.61875 0.146875 0.2875
0 0.55859375 0.6234375 0.1546875 0.29375
0 0.69921875 0.6296875 0.1453125 0.3
0 0.2859375 0.82109375 0.153125 0.2140625