0 0.09140625 0.27578125 0.1828125 0.3265625
0 0.1953125 0.10859375 0.1125 0.2171875
0 0.29765625 0.11171875 0.1328125 0.2234375
0 0.4140625 0.10625 0.134375 0.2125
0 0.55 0.1046875 0.1375 0.209375
0 0.68828125 0.09453125 0.1640625 0.1890625
0 0.28984375 0.34375 0.1171875 0.25625
0 0.42421875 0.35 0.1296875 0.275
0 0.553125 0.3453125 0.146875 0.2875
0 0.69375 0.33515625 0.146875 0.2984375
0 0.28515625 0.60234375 0.109375 0.2625
0 0.428125 0.61875 0.15625 0.290625
0 0.55859375 0.6234375 0.1484375 0.290625
0 0.69921875 0.6296875 0.1515625 0.303125
0 0.2859375 0.82109375 0.134375 0.2046875