0 0.0828125 0.2765625 0.165625 0.31015625
0 0.19609375 0.1078125 0.0984375 0.215625
0 0.2984375 0.109375 0.11015625 0.21875
0 0.41484375 0.1046875 0.1171875 0.209375
0 0.55078125 0.103125 0.1265625 0.20625
0 0.6890625 0.09140625 0.15 0.1828125
0 0.28984375 0.34375 0.115625 0.25703125
0 0.42421875 0.35 0.115625 0.26953125
0 0.553125 0.3453125 0.121875 0.27890625
0 0.69375 0.33515625 0.14296875 0.2984375
0 0.28515625 0.60234375 0.0984375 0.259375
0 0.428125 0.61875 0.13203125 0.28125
0 0.55859375 0.6234375 0.1328125 0.28515625
0 0.69921875 0.6296875 0.1421875 0.29765625
0 0.2859375 0.82109375 0.128125 0.2015625