0 0.08671875 0.27578125 0.1734375 0.3171875
0 0.1953125 0.1078125 0.1 0.215625
0 0.2984375 0.109375 0.109375 0.21875
0 0.4140625 0.10625 0.128125 0.2125
0 0.55 0.10546875 0.15 0.2109375
0 0.68828125 0.09296875 0.1578125 0.1859375
0 0.28984375 0.34375 0.1234375 0.259375
0 0.42421875 0.35 0.1375 0.278125
0 0.553125 0.3453125 0.146875 0.2875
0 0.69375 0.33515625 0.15625 0.3046875
0 0.28515625 0.60234375 0.1203125 0.265625
0 0.428125 0.61875 0.146875 0.2875
0 0.55859375 0.6234375 0.1359375 0.2875
0 0.69921875 0.6296875 0.1734375 0.309375
0 0.2859375 0.82109375 0.13125 0.2015625