0 0.08203125 0.2765625 0.1640625 0.309375
0 0.19765625 0.1078125 0.0984375 0.215625
0 0.29765625 0.109375 0.1109375 0.21875
0 0.41484375 0.1046875 0.1171875 0.209375
0 0.55 0.103125 0.128125 0.20625
0 0.6875 0.09140625 0.146875 0.1828125
0 0.28984375 0.34375 0.115625 0.25625
0 0.42421875 0.35 0.1140625 0.26875
0 0.553125 0.34453125 0.125 0.2796875
0 0.69375 0.33515625 0.1421875 0.2984375
0 0.284375 0.60234375 0.0984375 0.2578125
0 0.428125 0.61875 0.13125 0.2796875
0 0.559375 0.62421875 0.1328125 0.2859375
0 0.7 0.63046875 0.1421875 0.2984375
0 0.2859375 0.8203125 0.1265625 0.2015625