0 0.09140625 0.27578125 0.1828125 0.3234375
0 0.1953125 0.10859375 0.10625 0.2171875
0 0.29765625 0.109375 0.1140625 0.21875
0 0.4140625 0.10546875 0.125 0.2109375
0 0.55078125 0.103125 0.1265625 0.20625
0 0.68828125 0.09453125 0.1671875 0.1890625
0 0.28984375 0.34375 0.115625 0.25625
0 0.42421875 0.35 0.1203125 0.271875
0 0.553125 0.3453125 0.153125 0.2875
0 0.69375 0.33515625 0.146875 0.2984375
0 0.28515625 0.60234375 0.1078125 0.2609375
0 0.428125 0.61875 0.1375 0.28125
0 0.55859375 0.6234375 0.1640625 0.296875
0 0.69921875 0.6296875 0.1625 0.30625
0 0.2859375 0.82109375 0.146875 0.2109375