0 0.0859375 0.27578125 0.171875 0.3171875
0 0.1953125 0.10859375 0.109375 0.2171875
0 0.29765625 0.1109375 0.1265625 0.221875
0 0.4140625 0.1046875 0.121875 0.209375
0 0.55 0.103125 0.128125 0.20625
0 0.68828125 0.09453125 0.1640625 0.1890625
0 0.28984375 0.34375 0.1265625 0.259375
0 0.42421875 0.35 0.1203125 0.271875
0 0.553125 0.3453125 0.15 0.2875
0 0.69375 0.33515625 0.16875 0.309375
0 0.28515625 0.60234375 0.128125 0.2671875
0 0.428125 0.61875 0.1375 0.28125
0 0.55859375 0.6234375 0.1640625 0.296875
0 0.69921875 0.6296875 0.1640625 0.30625
0 0.2859375 0.82109375 0.134375 0.2046875