0 0.121875 0.05 0.24375 0.1
0 0.1234375 0.22734375 0.246875 0.2984375
0 0.11875 0.49765625 0.2375 0.2859375
0 0.1265625 0.7578125 0.253125 0.284375
0 0.36171875 0.22734375 0.2515625 0.2703125
0 0.36328125 0.490625 0.2609375 0.278125
0 0.37265625 0.7546875 0.2515625 0.275
0 0.59765625 0.2296875 0.2453125 0.259375
0 0.609375 0.49140625 0.2375 0.26875
0 0.61328125 0.75625 0.2515625 0.278125
0 0.82890625 0.07109375 0.2015625 0.1421875
0 0.82421875 0.23828125 0.1984375 0.2171875
0 0.8546875 0.4828125 0.25625 0.28125
0 0.8546875 0.75390625 0.265625 0.290625