0 0.12109375 0.04765625 0.2421875 0.0953125
0 0.1234375 0.22734375 0.246875 0.2984375
0 0.11796875 0.49765625 0.2359375 0.2828125
0 0.12265625 0.7578125 0.2453125 0.271875
0 0.36171875 0.22734375 0.2671875 0.284375
0 0.36328125 0.490625 0.271875 0.2875
0 0.37265625 0.7546875 0.2640625 0.2875
0 0.59765625 0.2296875 0.246875 0.2625
0 0.609375 0.49140625 0.2375 0.26875
0 0.61328125 0.75625 0.2640625 0.2875
0 0.82890625 0.07109375 0.2015625 0.1421875
0 0.82421875 0.23828125 0.2046875 0.2234375
0 0.8546875 0.4828125 0.275 0.296875
0 0.8546875 0.75390625 0.271875 0.2953125