0 0.12109375 0.04765625 0.2421875 0.0953125
0 0.115625 0.22734375 0.23125 0.2734375
0 0.11328125 0.49921875 0.2265625 0.2625
0 0.1203125 0.75859375 0.240625 0.2625
0 0.36171875 0.22734375 0.246875 0.265625
0 0.36328125 0.48984375 0.2421875 0.265625
0 0.37265625 0.7546875 0.240625 0.2640625
0 0.59765625 0.2296875 0.2234375 0.240625
0 0.609375 0.49140625 0.2359375 0.2671875
0 0.6125 0.75625 0.2359375 0.2609375
0 0.82890625 0.0671875 0.1890625 0.134375
0 0.825 0.23828125 0.184375 0.20625
0 0.85546875 0.48359375 0.24375 0.271875
0 0.85390625 0.75390625 0.2421875 0.271875