0 0.12109375 0.04765625 0.2421875 0.0953125
0 0.11640625 0.228125 0.2328125 0.275
0 0.11328125 0.4984375 0.2265625 0.26484375
0 0.1203125 0.75859375 0.240625 0.2625
0 0.36171875 0.22734375 0.2484375 0.2671875
0 0.36328125 0.490625 0.24375 0.26328125
0 0.37265625 0.7546875 0.240625 0.26484375
0 0.59765625 0.2296875 0.2234375 0.240625
0 0.609375 0.49140625 0.23671875 0.2671875
0 0.61328125 0.75625 0.2359375 0.2625
0 0.8296875 0.0671875 0.190625 0.134375
0 0.82421875 0.23828125 0.1859375 0.2078125
0 0.8546875 0.4828125 0.24609375 0.271875
0 0.8546875 0.75390625 0.24140625 0.271875