0 0.12265625 0.053125 0.2453125 0.10625
0 0.121875 0.22734375 0.24375 0.2921875
0 0.115625 0.49765625 0.23125 0.2734375
0 0.1265625 0.7578125 0.253125 0.2875
0 0.36171875 0.22734375 0.2703125 0.2859375
0 0.36328125 0.490625 0.2625 0.28125
0 0.37265625 0.7546875 0.259375 0.28125
0 0.59765625 0.2296875 0.2359375 0.253125
0 0.609375 0.49140625 0.2625 0.2890625
0 0.61328125 0.75625 0.2390625 0.265625
0 0.82890625 0.06875 0.1953125 0.1375
0 0.82421875 0.23828125 0.209375 0.2265625
0 0.8546875 0.4828125 0.2625 0.284375
0 0.8546875 0.75390625 0.271875 0.296875