0 0.12265625 0.05234375 0.2453125 0.1046875
0 0.1234375 0.22734375 0.246875 0.2984375
0 0.1171875 0.49765625 0.234375 0.2796875
0 0.125 0.7578125 0.25 0.278125
0 0.36171875 0.22734375 0.2765625 0.2921875
0 0.36328125 0.490625 0.271875 0.2875
0 0.37265625 0.7546875 0.2609375 0.284375
0 0.59765625 0.2296875 0.2421875 0.259375
0 0.609375 0.49140625 0.24375 0.275
0 0.61328125 0.75625 0.246875 0.271875
0 0.82890625 0.07265625 0.2046875 0.1453125
0 0.82421875 0.23828125 0.2015625 0.2203125
0 0.8546875 0.4828125 0.246875 0.275
0 0.8546875 0.75390625 0.246875 0.2734375