0 0.12109375 0.04921875 0.2421875 0.0984375
0 0.121875 0.22734375 0.24375 0.2953125
0 0.11875 0.49765625 0.2375 0.2859375
0 0.12421875 0.7578125 0.2484375 0.275
0 0.36171875 0.22734375 0.2640625 0.2828125
0 0.36328125 0.490625 0.25 0.26875
0 0.37265625 0.7546875 0.253125 0.278125
0 0.59765625 0.2296875 0.2390625 0.253125
0 0.609375 0.49140625 0.2625 0.2890625
0 0.61328125 0.75625 0.2515625 0.278125
0 0.82890625 0.06875 0.1953125 0.1375
0 0.82421875 0.23828125 0.2015625 0.2203125
0 0.8546875 0.4828125 0.26875 0.29375
0 0.8546875 0.75390625 0.271875 0.2953125