0 0.121875 0.05 0.24375 0.1
0 0.121875 0.22734375 0.24375 0.2921875
0 0.11953125 0.49765625 0.2390625 0.2890625
0 0.121875 0.7578125 0.24375 0.26875
0 0.36171875 0.22734375 0.2640625 0.2828125
0 0.36328125 0.490625 0.271875 0.2875
0 0.37265625 0.7546875 0.2609375 0.284375
0 0.59765625 0.2296875 0.246875 0.2625
0 0.609375 0.49140625 0.2625 0.2890625
0 0.61328125 0.75625 0.2515625 0.275
0 0.82890625 0.06796875 0.1921875 0.1359375
0 0.82421875 0.23828125 0.2046875 0.2234375
0 0.8546875 0.4828125 0.2625 0.284375
0 0.8546875 0.75390625 0.259375 0.2859375