0 0.11015625 0.06328125 0.2203125 0.1265625
0 0.3375 0.05703125 0.2328125 0.1140625
0 0.61015625 0.04296875 0.2375 0.0859375
0 0.8765625 0.04375 0.246875 0.0875
0 0.084375 0.2015625 0.16875 0.1515625
0 0.3203125 0.196875 0.29375 0.1421875
0 0.6421875 0.16640625 0.3125 0.1734375
0 0.89296875 0.17421875 0.2015625 0.1484375
0 0.096875 0.41484375 0.19375 0.1671875
0 0.33359375 0.4046875 0.2953125 0.1625
0 0.6578125 0.4015625 0.3015625 0.18125
0 0.89921875 0.3953125 0.2015625 0.1703125
0 0.1265625 0.57578125 0.253125 0.165625
0 0.365625 0.56875 0.225 0.1640625
0 0.63515625 0.58203125 0.2515625 0.18125
0 0.8859375 0.56953125 0.228125 0.178125
0 0.08828125 0.73984375 0.1765625 0.153125
0 0.33515625 0.73359375 0.2921875 0.1671875
0 0.671875 0.759375 0.3109375 0.18125
0 0.925 0.74765625 0.15 0.1734375
0 0.128125 0.87734375 0.25625 0.1171875
0 0.3703125 0.87734375 0.2359375 0.121875
0 0.65078125 0.8921875 0.246875 0.0953125
0 0.88828125 0.88828125 0.2234375 0.1046875