0 0.8765247235576923 0.24556465865384616 0.9614681875000001 0.2814722139423077 0.96717165625 0.24176983173076924 0.8864777980769231 0.19972896394230769 0.8765247235576923 0.24556465865384616
0 0.04273309855769231 0.24296970673076926 0.49999484375 0.318151076923077 0.5089863557692308 0.2536105216346154 0.043318050480769234 0.13223984375 0.04273309855769231 0.24296970673076926
0 0.03514499278846154 0.36793503125 0.4916165721153846 0.4011708725961538 0.5000833076923077 0.32988422115384614 0.044505826923076926 0.26208491105769227 0.03514499278846154 0.36793503125
0 0.7250940913461539 0.4215975072115385 0.8523448822115385 0.4327305096153846 0.8616588365384616 0.3899939447115385 0.7338758581730769 0.3663415576923077 0.7250940913461539 0.4215975072115385
0 0.49296308894230767 0.47499116586538465 0.7158686826923077 0.47606722355769227 0.7245692379807692 0.41485134134615387 0.49983712259615387 0.3960882019230769 0.49296308894230767 0.47499116586538465
0 0.006892954326923077 0.6016462956730769 0.48088585817307694 0.5493120649038462 0.4860330649038461 0.47773492788461536 0.017126963942307692 0.47941248798076924 0.006892954326923077 0.6016462956730769
0 0.8408362043269231 0.6662315961538462 0.9281318629807692 0.6370176033653846 0.9327289014423077 0.5972184879807693 0.8452626322115384 0.62301334375 0.8408362043269231 0.6662315961538462
0 0.47164108413461536 0.7059584735576923 0.6997822620192308 0.6471905985576923 0.7067946442307692 0.5925272692307693 0.4751555673076923 0.6303925552884616 0.47164108413461536 0.7059584735576923
0 0 0.8252769182692308 0.464565625 0.710364608173077 0.47096477163461536 0.6372220360576922 0.003150860576923077 0.7188386442307693 0 0.7437004086538461 0 0.8252769182692308
0 0.4548844567307692 0.8719980576923076 0.6931552307692308 0.7739151009615385 0.6946351394230769 0.7187677427884616 0.46218581490384614 0.7945731874999999 0.4548844567307692 0.8719980576923076
0 0.5196855649038462 0.08034080048076923 0.748395221153846 0.18075297596153844 0.7533400168269231 0.12423369230769231 0.5303188221153846 0.015809350961538463 0.5196855649038462 0.08034080048076923
0 0.05113676201923077 0.12142582692307692 0.5042378581730769 0.23141936778846153 0.5141020600961539 0.15690485576923077 0.0559663125 0.0036052716346153843 0.05113676201923077 0.12142582692307692