0 0.48828125 0.3921875 0.128125 0.17734375
0 0.72734375 0.3234375 0.10625 0.11328125
0 0.503125 0.82109375 0.0828125 0.1984375
0 0.2765625 0.33984375 0.0453125 0.1359375
0 0.48515625 0.6046875 0.08984375 0.28125
0 0.6078125 0.38828125 0.1234375 0.19375
0 0.59296875 0.54609375 0.1453125 0.19609375
0 0.59375 0.675 0.1125 0.153125
0 0.590625 0.80078125 0.078125 0.165625
0 0.73359375 0.44609375 0.14140625 0.16484375
0 0.715625 0.58203125 0.14296875 0.19453125
0 0.70078125 0.721875 0.1328125 0.17578125
0 0.34140625 0.4109375 0.07109375 0.1734375
0 0.39453125 0.38984375 0.0734375 0.16796875
0 0.4140625 0.584375 0.08046875 0.3046875
0 0.284375 0.490625 0.04609375 0.19921875
0 0.3484375 0.55859375 0.078125 0.2
0 0.42421875 0.79765625 0.07421875 0.22265625
0 0.3328125 0.7 0.1015625 0.22421875