0 0.21768320192307694 0.17486452163461538 0.21550058173076922 0.18261309374999998 0.19384098798076924 0.23543487740384617 0.5236645793269231 0.42397917067307694 0.5558476826923078 0.37508399278846155 0.21768320192307694 0.17486452163461538
0 0.5848592475961538 0.4187930240384615 0.5612331370192307 0.4524305240384615 0.6039787235576923 0.4761247884615385 0.9138900048076923 0.6593516730769231 0.9389531346153847 0.6141365913461538 0.6377916875 0.44720007692307695 0.5848592475961538 0.4187930240384615
0 0.17565549278846154 0.27476981490384617 0.5026145841346155 0.4547350841346154 0.526225860576923 0.4182487620192308 0.18858259134615382 0.23617460096153844 0.17565549278846154 0.27476981490384617
0 0.6116212548076922 0.4871935 0.5639471105769231 0.4547764807692308 0.5471944206730769 0.4781749278846154 0.5977291177884616 0.5366940168269231 0.8916534230769231 0.69072096875 0.9130043629807693 0.6644219543269231 0.6116212548076922 0.4871935
0 0.16674670673076925 0.2584245793269231 0.16226756730769232 0.26226426201923075 0.14492428124999998 0.3149362788461539 0.4824545793269231 0.4880499206730769 0.4973290288461539 0.4581609254807692 0.16674670673076925 0.2584245793269231
0 0.5910440024038461 0.5456997427884616 0.5426548173076923 0.4779097908653846 0.53134634375 0.5037108365384616 0.5625643197115384 0.5604204447115385 0.8648082043269232 0.7330414759615385 0.8878804783653845 0.6975275408653846 0.5910440024038461 0.5456997427884616
0 0.8557408197115385 0.7280153413461539 0.5545838052884615 0.5687081201923078 0.5286601105769231 0.5146161658653846 0.5243394567307692 0.5163515961538462 0.509456298076923 0.5309821875 0.5194189278846154 0.5924344543269231 0.8301909975961539 0.7710538966346154 0.8557408197115385 0.7280153413461539
0 0.8218800096153847 0.7677182019230769 0.5201839326923077 0.6093832403846154 0.5124997884615385 0.54377015625 0.5094650096153847 0.5462405913461539 0.4964247956730769 0.5758753004807692 0.5036924903846154 0.6421893629807692 0.8009637091346153 0.79934265625 0.8218800096153847 0.7677182019230769
0 0.12474440865384614 0.3494777307692308 0.12141726442307693 0.3451247211538462 0.11098514423076923 0.4067123197115385 0.4345972860576923 0.5835510865384615 0.4557223076923077 0.539330985576923 0.12474440865384614 0.3494777307692308
0 0.5072568125 0.6479784927884615 0.4913530697115384 0.5781001009615385 0.47603883413461534 0.5912688870192307 0.4804028870192308 0.6750405961538462 0.7755180504807692 0.8360832788461539 0.7958953245192307 0.805431252403846 0.5072568125 0.6479784927884615
0 0.07475100721153846 0.4476417644230769 0.40483980048076923 0.6280706875 0.43168501682692306 0.5857501826923077 0.09768313942307692 0.4059370552884615 0.07475100721153846 0.4476417644230769
0 0.4578782235576923 0.7248404879807692 0.4652017788461539 0.5985400192307693 0.45178421394230767 0.6350253846153847 0.4433254254807692 0.7510944302884616 0.7343374639423076 0.9073204783653845 0.7544973701923077 0.8740055913461539 0.4578782235576923 0.7248404879807692
0 0.07067376442307692 0.48860030288461537 0.3802547956730769 0.6602038701923078 0.3991195024038462 0.6261710408653846 0.0845073485576923 0.45262531490384617 0.07067376442307692 0.48860030288461537
0 0.7330420673076923 0.9066024302884615 0.4393050817307692 0.7445724158653846 0.43710968028846153 0.6370602716346153 0.4207139158653846 0.6483101322115385 0.43007673317307693 0.7933248269230769 0.7100828413461537 0.9510769759615385 0.7330420673076923 0.9066024302884615
0 0 0.5899781442307692 0.32614701201923074 0.7700362355769231 0.3356228389423077 0.7346125048076922 0.018591512019230767 0.5550657283653846 0 0.58445784375 0 0.5899781442307692
0 0.6792951875 1 0.6878711249999999 0.9819834158653846 0.39266020673076923 0.8424969062500001 0.3934513485576923 0.7158219879807692 0.38502744951923074 0.7035256610576923 0.361268375 0.8594167235576923 0.38296705048076923 0.8752579350961539 0.619452125 1 0.6792951875 1