0 0.7199747572115385 0.10235780288461539 0.8119616249999999 0.09578814423076923 0.7990189519230769 0.057823742788461543 0.7080340432692308 0.056999300480769226 0.7199747572115385 0.10235780288461539
0 0 0.47089949278846155 0.41743772115384614 0.3379737644230769 0.39614841826923075 0.2763856490384615 0 0.3634234206730769 0 0.47089949278846155
0 0 0.5292024639423076 0.02585491346153846 0.5933690096153846 0.4476628245192308 0.4157485985576923 0.42284327884615386 0.3483879110576923 0 0.4901593100961538 0 0.5292024639423076
0 0.6649663173076923 0.3279522884615385 0.7834018774038461 0.2801012163461538 0.7722986802884615 0.23779421153846153 0.6477052524038461 0.2747320384615385 0.6649663173076923 0.3279522884615385
0 0.4823762932692308 0.48091165625 0.6814751514423077 0.3806734086538462 0.6614359735576923 0.3221796875 0.45267990625 0.4074878533653846 0.4823762932692308 0.48091165625
0 0.10678485576923077 0.8144334254807692 0.5053563846153846 0.5526150096153846 0.47744723798076927 0.48650253125 0.060410439903846154 0.7008761634615385 0.10678485576923077 0.8144334254807692
0 0.8791548461538461 0.49337703846153846 0.9436729735576923 0.42771578125 0.9297005432692308 0.3901674975961538 0.8634781466346154 0.4528597379807692 0.8791548461538461 0.49337703846153846
0 0.5682352115384616 0.6963850216346154 0.7448304326923078 0.5404485336538462 0.7262618798076923 0.48855959615384614 0.5370604278846154 0.6274597548076923 0.5682352115384616 0.6963850216346154
0 0.22159033413461537 1 0.5639312740384615 0.703523108173077 0.5364269230769231 0.6354474471153846 0.15665484134615384 0.9205514495192308 0.18522223557692305 1 0.22159033413461537 1
0 0.6286853413461538 0.8519347259615385 0.796457423076923 0.6563695024038462 0.7727396538461538 0.6065609807692307 0.6000407427884615 0.7796339134615384 0.6286853413461538 0.8519347259615385
0 0.3270186778846154 0.1171438533653846 0.5763866466346154 0.10277975 0.5551332740384616 0.050175807692307686 0.3071963125 0.05481851442307692 0.3270186778846154 0.1171438533653846
0 0 0.3494198389423077 0.3818429038461538 0.2587689591346154 0.35680309134615384 0.1878977860576923 0 0.24121555769230768 0 0.3494198389423077