0 0.7603346418269231 0.12752975240384615 0.8525043125 0.13061132932692307 0.8436008990384616 0.09150202163461539 0.7532005913461539 0.08117158173076923 0.7603346418269231 0.12752975240384615
0 0 0.4199879639423077 0.4348263605769231 0.33023125240384615 0.4200913942307692 0.26675518509615387 0 0.3138133942307692 0 0.4199879639423077
0 0 0.47787522836538465 0.018692610576923077 0.5432958677884615 0.4567562043269231 0.4107394134615384 0.43911373076923077 0.3411533846153846 0 0.43878669951923077 0 0.47787522836538465
0 0.6820464975961538 0.3461384615384615 0.8048350552884614 0.31092940865384616 0.7982149663461539 0.26769356490384616 0.6704430216346153 0.2914054807692308 0.6820464975961538 0.3461384615384615
0 0.48446811298076925 0.4791740456730769 0.6929540360576923 0.40029641105769226 0.6791388942307692 0.34002846153846156 0.4626092836538461 0.40304834855769234 0.48446811298076925 0.4791740456730769
0 0.0760716875 0.7716087524038462 0.49982727403846156 0.5528866730769231 0.47898165625 0.4842190673076923 0.041821281249999995 0.6538261225961539 0.0760716875 0.7716087524038462
0 0.8777700841346154 0.5330457932692307 0.9487982451923076 0.47448821634615385 0.9388272235576923 0.43568510817307693 0.8664144759615385 0.49111178846153847 0.8777700841346154 0.5330457932692307
0 0.5473335865384615 0.7024417259615384 0.739261201923077 0.5658187019230769 0.7262182403846154 0.5122730745192308 0.5235342355769231 0.6306353846153846 0.5473335865384615 0.7024417259615384
0 0.14076042788461537 0.9891457836538462 0.54230709375 0.7090908245192308 0.5220692572115385 0.6385131033653846 0.114576125 0.882358283653846 0.14076042788461537 0.9891457836538462
0 0.5911931923076923 0.8634580697115385 0.7784883341346155 0.6865011322115385 0.7601069038461539 0.6344862860576923 0.5702630072115384 0.7885591538461539 0.5911931923076923 0.8634580697115385
0 0.3679856514423077 0.10115970913461539 0.6174890144230769 0.11294034134615384 0.6018506802884616 0.058402987980769226 0.3547866490384616 0.03710379326923077 0.3679856514423077 0.10115970913461539
0 0 0.3003657403846154 0.40770568990384615 0.24773966826923077 0.3902111033653846 0.17463936298076924 0 0.19166905048076924 0 0.3003657403846154