0 0.11991642788461537 0.29763317307692305 0.12065561538461538 0.30564926923076924 0.11936427644230768 0.36272475721153846 0.49484935817307696 0.42054781490384613 0.5073724110576923 0.3633668413461538 0.11991642788461537 0.29763317307692305
0 0.5501209543269231 0.3937759230769231 0.5401186826923077 0.4336460745192308 0.5885163894230769 0.4404479278846154 0.9435061394230769 0.5004426899038461 0.9507009495192308 0.4492489543269231 0.6097178245192307 0.40132690144230765 0.5501209543269231 0.3937759230769231
0 0.11648303605769231 0.40596418509615384 0.48621942788461536 0.4568045769230769 0.4951869254807692 0.4142801370192308 0.11472023557692308 0.36529978846153843 0.11648303605769231 0.40596418509615384
0 0.5996179807692308 0.44804262259615385 0.5434931105769231 0.43486361298076925 0.5362383822115384 0.4627115721153846 0.6043879519230769 0.49923383173076924 0.9339882524038461 0.537697329326923 0.9444963485576923 0.5054935913461539 0.5996179807692308 0.44804262259615385
0 0.10230836057692307 0.3938972139423077 0.09950274278846154 0.3990870456730769 0.10218735096153846 0.45447588942307693 0.4793374134615384 0.4951313557692308 0.4825126490384615 0.46189705048076923 0.10230836057692307 0.3938972139423077
0 0.6013742211538461 0.5100371322115385 0.53190528125 0.4640908942307692 0.5305941778846154 0.49223084134615386 0.5800615745192308 0.533986298076923 0.9240923966346154 0.5868273918269231 0.9329051634615385 0.5454039158653846 0.6013742211538461 0.5100371322115385
0 0.9138260576923076 0.5853845528846153 0.5755811610576923 0.54458346875 0.531994483173077 0.5033745024038462 0.5285827283653846 0.5065430480769231 0.5199312379807692 0.5255355288461538 0.5512546778846154 0.5793358750000001 0.9053968822115385 0.6347207427884616 0.9138260576923076 0.5853845528846153
0 0.8964424999999999 0.6345849951923076 0.5580427716346154 0.5948847764423077 0.5273553798076923 0.5363834375000001 0.5254074927884615 0.5397773533653847 0.5238535360576922 0.5721169350961538 0.5544033461538461 0.6314219350961537 0.8882486418269231 0.6716046971153846 0.8964424999999999 0.6345849951923076
0 0.09572636778846154 0.4939549326923077 0.09106023076923077 0.49108338942307694 0.10339202884615384 0.5523189038461539 0.46888333894230766 0.6014398942307693 0.4727581778846154 0.55258634375 0.09572636778846154 0.4939549326923077
0 0.5598055673076924 0.6355492139423077 0.5199159663461539 0.5760115072115385 0.5103381682692307 0.5937937596153846 0.5444334591346154 0.6704374519230769 0.8776597331730769 0.7150239326923077 0.8856988557692307 0.6791052379807693 0.5598055673076924 0.6355492139423077
0 0.08423235096153846 0.6035149855769231 0.4570567307692308 0.6536666538461537 0.4669525865384615 0.6045365913461539 0.09069570913461539 0.5563621442307692 0.08423235096153846 0.6035149855769231
0 0.5412515576923077 0.7250017740384614 0.5028266466346154 0.6044656009615385 0.5033754543269231 0.643336048076923 0.537073923076923 0.7547271971153846 0.8647434735576923 0.796287389423077 0.8716253798076923 0.7579605985576923 0.5412515576923077 0.7250017740384614
0 0.09510414182692307 0.6432142283653846 0.44562015384615383 0.6924760408653847 0.4510355985576923 0.6539431514423076 0.095126625 0.604671170673077 0.09510414182692307 0.6432142283653846
0 0.8632767908653847 0.7960812620192308 0.530983329326923 0.7500791322115384 0.4904048389423077 0.6504946634615384 0.4791296610576923 0.6668730264423076 0.5398392235576923 0.7989005745192308 0.8577807596153846 0.8458296778846154 0.8632767908653847 0.7960812620192308
0 0.4306183004807692 0.7779371466346153 0.07030025 0.7239296586538462 0.06252691105769231 0.7627793870192308 0.43446658653846154 0.8144038822115385 0.4306183004807692 0.7779371466346153
0 0.5252207475961538 0.8922743221153847 0.8444001033653846 0.9303958774038462 0.8481202139423077 0.8826432908653847 0.5225295841346154 0.8582155504807693 0.4778719495192308 0.7396708052884615 0.46560095192307693 0.7312100504807693 0.4992863052884615 0.8852613846153846 0.5252207475961538 0.8922743221153847