0 0.18016349999999998 0.21169379326923077 0.1789414639423077 0.2196506033653846 0.16388067307692306 0.2747183028846154 0.5142235793269231 0.42166182932692303 0.5402079711538461 0.36920897836538463 0.18016349999999998 0.21169379326923077
0 0.5743300769230769 0.4090565889423077 0.5549794543269231 0.4453226586538461 0.6002940264423077 0.46363093269230765 0.9302250168269232 0.6077233870192308 0.9495909951923077 0.55979090625 0.6303299182692308 0.4308010576923077 0.5743300769230769 0.4090565889423077
0 0.1506244519230769 0.3159762980769231 0.4970786899038462 0.45475384374999994 0.51606740625 0.4156619951923077 0.15875162259615383 0.2760933509615385 0.1506244519230769 0.3159762980769231
0 0.6092285264423076 0.47368574999999996 0.5579590985576923 0.4473203774038461 0.5441828341346153 0.47258605528846154 0.6014725360576922 0.5245103221153846 0.9119771370192308 0.6415688197115385 0.9299638870192308 0.6128638076923077 0.6092285264423076 0.47368574999999996
0 0.13979008894230768 0.30083860576923077 0.1358122764423077 0.3051955360576923 0.12501736778846154 0.35958856009615386 0.48112901201923075 0.4902772427884615 0.4922500360576923 0.4587982980769231 0.13979008894230768 0.30083860576923077
0 0.5959347716346154 0.5342636298076923 0.5396447572115385 0.47287613461538464 0.5315649302884615 0.49986301923076926 0.5694613749999999 0.55234540625 0.8904895913461538 0.6868454831730768 0.909061829326923 0.6487844615384616 0.5959347716346154 0.5342636298076923
0 0.8808772620192307 0.6829618509615384 0.5625503605769231 0.5615438870192307 0.5302277451923076 0.5110144302884615 0.5261507932692308 0.5132634807692308 0.5131615913461538 0.5295988173076923 0.530539110576923 0.5893788894230769 0.8607629663461539 0.7287933413461538 0.8808772620192307 0.6829618509615384
0 0.8521074062499999 0.7264953653846155 0.5333639495192307 0.606108110576923 0.5177408581730769 0.5419205600961539 0.5150297692307693 0.5447424254807692 0.5056983173076923 0.5757454471153847 0.5209934903846154 0.6406795024038462 0.8352010649038462 0.7604331514423077 0.8521074062499999 0.7264953653846155
0 0.10919745673076922 0.3963318557692308 0.10536461298076924 0.39241676682692306 0.10251589182692308 0.45481665625 0.4452671033653846 0.5908988942307692 0.4608455889423077 0.5444339110576923 0.10919745673076922 0.3963318557692308
0 0.5252367644230769 0.6459911009615384 0.5009355288461539 0.5785717499999999 0.48734031730769234 0.5935087139423076 0.5018810432692308 0.6761241586538461 0.8144226298076924 0.8000009615384616 0.8309124711538461 0.7670940456730769 0.5252367644230769 0.6459911009615384
0 0.07153988461538462 0.4998568485576923 0.421157 0.6387131802884615 0.44264454326923075 0.5934365144230769 0.08921856009615385 0.45566827644230773 0.07153988461538462 0.4998568485576923
0 0.48559335576923074 0.7282979134615384 0.4774701682692308 0.6020463533653846 0.4685990600961538 0.639894951923077 0.47434858173076927 0.7561297043269231 0.7822306274038462 0.8757258221153846 0.7981801995192307 0.8402023822115384 0.48559335576923074 0.7282979134615384
0 0.07248462259615385 0.5410069807692308 0.4006713004807692 0.6736030048076922 0.41524783173076923 0.6375248197115385 0.08183084615384616 0.5036142572115385 0.07248462259615385 0.5410069807692308
0 0.7808573774038461 0.8751709927884614 0.4695633725961538 0.7501462596153845 0.4542819014423077 0.643703048076923 0.43937936057692306 0.6568671923076923 0.4663452331730769 0.7996599302884615 0.7634893701923077 0.9221120576923076 0.7808573774038461 0.8751709927884614
0 0.3654401538461538 0.7528962740384616 0.028890680288461538 0.6133242139423077 0.01194964423076923 0.6491393966346154 0.3603520264423077 0.7892107740384616 0.3654401538461538 0.7528962740384616
0 0.7303578509615385 1 0.745209764423077 0.9554950528846154 0.4352001730769231 0.8530254158653846 0.4205476298076923 0.7271982980769232 0.41068797596153844 0.7160202403846154 0.4061043389423077 0.8736448173076923 0.42957183653846154 0.8867235480769231 0.7276030120192308 1 0.7303578509615385 1