0 0.4375 0.46640625 0.31171875 0.221875
0 0.75390625 0.47265625 0.340625 0.22578125
0 0.16328125 0.453125 0.3234375 0.21328125
0 0.44296875 0.27578125 0.26015625 0.16953125
0 0.72421875 0.6578125 0.309375 0.16484375
0 0.7453125 0.0984375 0.303125 0.1953125
0 0.17109375 0.090625 0.29296875 0.18125
0 0.4546875 0.096875 0.28984375 0.19296875
0 0.4265625 0.65234375 0.2890625 0.16640625
0 0.721875 0.278125 0.284375 0.175
0 0.1796875 0.2640625 0.2765625 0.17578125
0 0.690625 0.8046875 0.28203125 0.1453125
0 0.14453125 0.6375 0.2859375 0.16796875
0 0.41953125 0.79375 0.27109375 0.14296875
0 0.41875 0.91796875 0.24765625 0.1296875
0 0.1703125 0.90234375 0.25078125 0.12578125
0 0.66953125 0.93125 0.2625 0.12578125
0 0.1546875 0.78125 0.27421875 0.134375