0 0.66171875 0.35234375 0.28046875 0.1359375
0 0.396875 0.47578125 0.259375 0.1140625
0 0.8890625 0.3578125 0.2171875 0.13203125
0 0.1453125 0.4703125 0.25859375 0.11640625
0 0.65390625 0.47734375 0.2625 0.11171875
0 0.3859375 0.334375 0.2796875 0.1671875
0 0.15859375 0.57734375 0.2515625 0.1015625
0 0.12890625 0.328125 0.25546875 0.1703125
0 0.890625 0.48359375 0.21875 0.1171875
0 0.39921875 0.58359375 0.27265625 0.1234375
0 0.63671875 0.5875 0.2734375 0.14296875
0 0.878125 0.590625 0.24375 0.11875
0 0.17890625 0.66953125 0.25390625 0.1078125
0 0.40390625 0.67578125 0.25390625 0.09609375
0 0.634375 0.68359375 0.25234375 0.1046875
0 0.8578125 0.684375 0.25078125 0.10703125
0 0.1953125 0.759375 0.23984375 0.08828125
0 0.41171875 0.7640625 0.22421875 0.08671875
0 0.6265625 0.76640625 0.2234375 0.0859375
0 0.846875 0.76796875 0.22734375 0.0984375
0 0.2 0.8421875 0.2078125 0.07265625
0 0.4015625 0.8453125 0.21171875 0.06875
0 0.61171875 0.8484375 0.20234375 0.08359375
0 0.82265625 0.853125 0.2203125 0.084375