0 0.35859375 0.31953125 0.2703125 0.2328125
0 0.8765625 0.315625 0.2421875 0.22890625
0 0.62890625 0.31796875 0.2703125 0.23046875
0 0.621875 0.53515625 0.2578125 0.20703125
0 0.115625 0.321875 0.23046875 0.2359375
0 0.3609375 0.53828125 0.25859375 0.20703125
0 0.86875 0.53359375 0.25703125 0.209375
0 0.1203125 0.540625 0.23828125 0.20546875
0 0.3671875 0.734375 0.24765625 0.1875
0 0.1265625 0.7328125 0.25 0.1890625
0 0.615625 0.73359375 0.24609375 0.18828125
0 0.85703125 0.7296875 0.2546875 0.18828125