0 0.421875 0.26953125 0.193359375 0.269921875
0 0.61171875 0.34296875 0.1890625 0.251953125
0 0.7921875 0.37890625 0.19765625 0.264453125
0 0.903125 0.8609375 0.18125 0.224609375
0 0.2765625 0.703125 0.17734375 0.2
0 0.2578125 0.146875 0.17890625 0.228125
0 0.10546875 0.53671875 0.191796875 0.186328125
0 0.09375 0.15390625 0.184765625 0.248046875
0 0.446875 0.48828125 0.16796875 0.191796875
0 0.44609375 0.65390625 0.1734375 0.209375
0 0.10859375 0.703125 0.1921875 0.225390625
0 0.6078125 0.8640625 0.147265625 0.159375
0 0.75 0.8734375 0.15546875 0.146484375
0 0.1125 0.37578125 0.19453125 0.2140625
0 0.2765625 0.54140625 0.15859375 0.1609375
0 0.125 0.88359375 0.20078125 0.173046875
0 0.9078125 0.6828125 0.169140625 0.153515625
0 0.753125 0.73515625 0.15546875 0.1515625
0 0.91875 0.52421875 0.156640625 0.1765625
0 0.6125 0.5484375 0.162109375 0.17109375
0 0.30859375 0.8703125 0.186328125 0.162890625
0 0.27578125 0.36171875 0.167578125 0.2078125
0 0.76953125 0.584375 0.169921875 0.165625
0 0.46328125 0.83828125 0.144921875 0.176171875
0 0.6109375 0.70859375 0.15234375 0.159375