0 0.29765625 0.19609375 0.441796875 0.235546875
0 0.71875 0.40703125 0.409375 0.178125
0 0.75078125 0.2046875 0.4765625 0.22734375
0 0.3359375 0.7015625 0.340234375 0.131640625
0 0.32578125 0.55859375 0.367578125 0.157421875
0 0.671875 0.703125 0.337109375 0.13125
0 0.68671875 0.565625 0.364453125 0.14453125
0 0.35390625 0.81796875 0.3109375 0.1078125
0 0.875 0.91953125 0.243359375 0.096875
0 0.65859375 0.8203125 0.308203125 0.10625
0 0.3234375 0.40078125 0.390625 0.179296875
0 0.89453125 0.81875 0.207421875 0.10703125
0 0.34453125 0.91484375 0.2875 0.0984375
0 0.628125 0.91953125 0.287890625 0.098046875