0 0.66171875 0.35234375 0.280078125 0.1359375
0 0.396875 0.47578125 0.259375 0.1140625
0 0.8890625 0.3578125 0.21640625 0.131640625
0 0.1453125 0.4703125 0.258984375 0.116015625
0 0.65390625 0.47734375 0.2625 0.111328125
0 0.3859375 0.334375 0.27890625 0.16796875
0 0.15859375 0.57734375 0.2515625 0.1015625
0 0.12890625 0.328125 0.255078125 0.16953125
0 0.890625 0.48359375 0.21875 0.1171875
0 0.39921875 0.58359375 0.273046875 0.1234375
0 0.63671875 0.5875 0.2734375 0.143359375
0 0.878125 0.590625 0.24375 0.11875
0 0.17890625 0.66953125 0.254296875 0.1078125
0 0.40390625 0.67578125 0.254296875 0.095703125
0 0.634375 0.68359375 0.252734375 0.1046875
0 0.8578125 0.684375 0.250390625 0.106640625
0 0.1953125 0.759375 0.240234375 0.087890625
0 0.41171875 0.7640625 0.223828125 0.087109375
0 0.6265625 0.76640625 0.22265625 0.0859375
0 0.846875 0.76796875 0.227734375 0.0984375
0 0.2 0.8421875 0.20703125 0.072265625
0 0.4015625 0.8453125 0.212109375 0.06875
0 0.61171875 0.8484375 0.201953125 0.083984375
0 0.82265625 0.853125 0.2203125 0.084375