0 0.43203125 0.47109375 0.31015625 0.22265625
0 0.746875 0.475 0.340625 0.2234375
0 0.43828125 0.28125 0.259375 0.1671875
0 0.44765625 0.10078125 0.28828125 0.1984375
0 0.1609375 0.459375 0.31796875 0.2109375
0 0.16640625 0.0953125 0.29140625 0.1890625
0 0.71953125 0.66171875 0.3078125 0.16484375
0 0.7359375 0.10078125 0.29921875 0.1984375
0 0.178125 0.271875 0.27265625 0.17265625
0 0.42265625 0.65390625 0.2875 0.165625
0 0.71640625 0.28203125 0.2828125 0.171875
0 0.14296875 0.64140625 0.284375 0.165625
0 0.4171875 0.79609375 0.2703125 0.1421875
0 0.68671875 0.80703125 0.2796875 0.1453125
0 0.66484375 0.93203125 0.26171875 0.12578125
0 0.41640625 0.92109375 0.24609375 0.13046875
0 0.15546875 0.784375 0.27109375 0.13203125
0 0.17109375 0.903125 0.2484375 0.12421875