0 0.6546875 0.25859375 0.26484375 0.2265625
0 0.64296875 0.4734375 0.2546875 0.203125
0 0.16875 0.4640625 0.25546875 0.19609375
0 0.40078125 0.46484375 0.234375 0.1890625
0 0.646875 0.65546875 0.2390625 0.1765625
0 0.1453125 0.2578125 0.26640625 0.22265625
0 0.87734375 0.471875 0.240625 0.19453125
0 0.39453125 0.2609375 0.26171875 0.22265625
0 0.4140625 0.6453125 0.2234375 0.17421875
0 0.19453125 0.64296875 0.2296875 0.171875
0 0.8703125 0.65234375 0.2375 0.17734375
0 0.640625 0.8125 0.2140625 0.1453125
0 0.21875 0.80390625 0.215625 0.15546875
0 0.884375 0.2609375 0.22578125 0.23515625
0 0.42734375 0.80703125 0.22578125 0.16171875
0 0.85390625 0.8234375 0.22265625 0.20546875