0 0.4375 0.46640625 0.312109375 0.221875
0 0.75390625 0.47265625 0.340625 0.226171875
0 0.16328125 0.453125 0.3234375 0.212890625
0 0.44296875 0.27578125 0.260546875 0.169921875
0 0.72421875 0.6578125 0.309375 0.165234375
0 0.7453125 0.0984375 0.303125 0.19609375
0 0.17109375 0.090625 0.292578125 0.18125
0 0.4546875 0.096875 0.290234375 0.193359375
0 0.4265625 0.65234375 0.28984375 0.166796875
0 0.721875 0.278125 0.284375 0.175
0 0.1796875 0.2640625 0.27734375 0.175390625
0 0.690625 0.8046875 0.281640625 0.14609375
0 0.14453125 0.6375 0.2859375 0.168359375
0 0.41953125 0.79375 0.270703125 0.143359375
0 0.41875 0.91796875 0.247265625 0.1296875
0 0.1703125 0.90234375 0.250390625 0.126171875
0 0.66953125 0.93125 0.2625 0.125390625
0 0.1546875 0.78125 0.274609375 0.134375