0 0.29765625 0.19609375 0.44140625 0.23515625
0 0.71875 0.40703125 0.409375 0.178125
0 0.75078125 0.2046875 0.4765625 0.2265625
0 0.3359375 0.7015625 0.33984375 0.13203125
0 0.32578125 0.55859375 0.36796875 0.15703125
0 0.671875 0.703125 0.33671875 0.13125
0 0.68671875 0.565625 0.36484375 0.1453125
0 0.35390625 0.81796875 0.3109375 0.1078125
0 0.875 0.91953125 0.24296875 0.096875
0 0.65859375 0.8203125 0.30859375 0.10625
0 0.3234375 0.40078125 0.390625 0.17890625
0 0.89453125 0.81875 0.20703125 0.1078125
0 0.34453125 0.91484375 0.2875 0.0984375
0 0.628125 0.91953125 0.28828125 0.09765625