0 0.39921875 0.4109375 0.4453125 0.19296875
0 0.8046875 0.19296875 0.38359375 0.2484375
0 0.3796875 0.18671875 0.5109375 0.25546875
0 0.80078125 0.41171875 0.39140625 0.1875
0 0.39765625 0.5859375 0.4015625 0.15859375
0 0.7859375 0.58125 0.396875 0.1578125
0 0.40390625 0.7296875 0.36171875 0.1328125
0 0.75703125 0.721875 0.3578125 0.13046875
0 0.41640625 0.84609375 0.33046875 0.11171875
0 0.6984375 0.9390625 0.30546875 0.1015625
0 0.73515625 0.8375 0.33203125 0.1140625
0 0.4 0.946875 0.303125 0.09921875