0 0.43203125 0.47109375 0.310546875 0.223046875
0 0.746875 0.475 0.340625 0.22421875
0 0.43828125 0.28125 0.259375 0.16796875
0 0.44765625 0.10078125 0.288671875 0.1984375
0 0.1609375 0.459375 0.318359375 0.21171875
0 0.16640625 0.0953125 0.291796875 0.18984375
0 0.71953125 0.66171875 0.3078125 0.164453125
0 0.7359375 0.10078125 0.299609375 0.1984375
0 0.178125 0.271875 0.272265625 0.172265625
0 0.42265625 0.65390625 0.2875 0.165625
0 0.71640625 0.28203125 0.2828125 0.171875
0 0.14296875 0.64140625 0.284375 0.165625
0 0.4171875 0.79609375 0.27109375 0.1421875
0 0.68671875 0.80703125 0.2796875 0.1453125
0 0.66484375 0.93203125 0.261328125 0.126171875
0 0.41640625 0.92109375 0.245703125 0.130078125
0 0.15546875 0.784375 0.270703125 0.131640625
0 0.17109375 0.903125 0.2484375 0.124609375