0 0.39921875 0.4109375 0.4453125 0.193359375
0 0.8046875 0.19296875 0.383984375 0.2484375
0 0.3796875 0.18671875 0.51015625 0.255078125
0 0.80078125 0.41171875 0.391796875 0.1875
0 0.39765625 0.5859375 0.4015625 0.158984375
0 0.7859375 0.58125 0.396875 0.15703125
0 0.40390625 0.7296875 0.361328125 0.13359375
0 0.75703125 0.721875 0.3578125 0.130859375
0 0.41640625 0.84609375 0.330078125 0.111328125
0 0.6984375 0.9390625 0.305859375 0.10234375
0 0.73515625 0.8375 0.332421875 0.11328125
0 0.4 0.946875 0.303125 0.099609375